q = 8 ; k = 4
DeltaModel{id=null, array=[6, 2, 1, 3],
 delta=0.5}
q = 16 ; k = 4
DeltaModel{id=null, array=[7, 3, 4, 14],
 delta=0.5817115674011638}
q = 16 ; k = 8
DeltaModel{id=null, array=[3, 12, 14, 15, 6, 2, 4, 1],
 delta=0.41999464504625}
q = 32 ; k = 4
DeltaModel{id=null, array=[18, 29, 30, 25],
 delta=0.7071067811865496}
q = 32 ; k = 8
DeltaModel{id=null, array=[19, 29, 5, 23, 28, 7, 4, 26],
 delta=0.4494762102892733}
q = 32 ; k = 16
DeltaModel{id=null, array=[0, 19, 3, 22, 5, 0, 12, 8, 18, 27, 20, 9, 23, 21, 2, 26],
 delta=0.3090440286078818}
q = 64 ; k = 4
DeltaModel{id=null, array=[0, 52, 16, 31],
 delta=0.8240821727392748}
q = 64 ; k = 8
DeltaModel{id=null, array=[62, 41, 47, 49, 29, 55, 38, 8],
 delta=0.5371883817260437}
q = 64 ; k = 16
DeltaModel{id=null, array=[11, 34, 5, 16, 39, 2, 9, 50, 61, 1, 40, 49, 56, 36, 18, 51],
 delta=0.3607376800725973}
q = 64 ; k = 32
DeltaModel{id=null, array=[9, 15, 8, 58, 10, 16, 41, 45, 20, 60, 3, 12, 30, 51, 3, 56, 0, 5, 47, 55, 21, 23, 48, 25, 24, 36, 35, 13, 50, 1, 49, 21],
 delta=0.24310877167188247}
q = 128 ; k = 4
DeltaModel{id=null, array=[4, 109, 10, 18],
 delta=0.8834258226929074}
q = 128 ; k = 8
DeltaModel{id=null, array=[106, 5, 121, 82, 95, 88, 90, 7],
 delta=0.5901656650169612}
q = 128 ; k = 16
DeltaModel{id=null, array=[73, 51, 55, 56, 120, 61, 100, 86, 108, 2, 72, 52, 94, 123, 119, 42],
 delta=0.4067526384831503}
q = 128 ; k = 32
DeltaModel{id=null, array=[110, 10, 8, 32, 1, 74, 33, 72, 53, 79, 56, 47, 48, 22, 17, 47, 95, 96, 125, 15, 98, 43, 85, 26, 81, 117, 72, 44, 82, 116, 25, 45],
 delta=0.2802514821717063}
q = 128 ; k = 64
DeltaModel{id=null, array=[103, 28, 29, 23, 110, 63, 84, 88, 50, 11, 32, 10, 22, 103, 47, 37, 29, 78, 45, 61, 5, 50, 109, 56, 66, 95, 112, 29, 104, 69, 62, 68, 83, 7, 92, 45, 68, 0, 39, 107, 58, 114, 18, 23, 72, 123, 126, 46, 60, 125, 14, 47, 31, 99, 114, 31, 98, 8, 27, 65, 19, 59, 94, 43],
 delta=0.19275435090039783}
q = 256 ; k = 4
DeltaModel{id=null, array=[98, 155, 229, 116],
 delta=0.9326753967263102}
q = 256 ; k = 8
DeltaModel{id=null, array=[61, 199, 106, 69, 145, 181, 126, 149],
 delta=0.6279644681464263}
q = 256 ; k = 16
DeltaModel{id=null, array=[248, 117, 244, 252, 249, 92, 147, 141, 61, 224, 50, 186, 191, 57, 228, 43],
 delta=0.45319887546820237}
q = 256 ; k = 32
DeltaModel{id=null, array=[252, 129, 29, 85, 222, 244, 145, 125, 23, 242, 18, 136, 24, 12, 93, 217, 105, 71, 50, 223, 247, 39, 229, 115, 180, 173, 133, 154, 162, 238, 195, 235],
 delta=0.3140922154280809}
q = 256 ; k = 64
DeltaModel{id=null, array=[65, 217, 129, 142, 100, 208, 169, 67, 123, 143, 48, 106, 189, 203, 15, 216, 103, 21, 134, 91, 235, 220, 228, 145, 53, 239, 173, 173, 48, 80, 79, 41, 120, 136, 225, 139, 124, 227, 37, 73, 125, 110, 1, 136, 245, 171, 106, 96, 174, 252, 30, 57, 147, 196, 214, 179, 147, 97, 9, 56, 191, 8, 211, 210],
 delta=0.20782741787767076}
q = 256 ; k = 128
DeltaModel{id=null, array=[209, 96, 74, 61, 43, 77, 107, 21, 168, 184, 209, 56, 226, 64, 41, 246, 95, 33, 34, 69, 153, 103, 182, 179, 104, 194, 242, 20, 234, 79, 38, 81, 16, 177, 28, 20, 56, 42, 137, 225, 65, 23, 66, 75, 92, 242, 112, 143, 249, 60, 62, 41, 94, 144, 2, 160, 70, 183, 59, 184, 78, 178, 87, 228, 39, 132, 47, 177, 198, 241, 91, 130, 76, 201, 170, 113, 0, 227, 11, 175, 226, 86, 52, 154, 142, 187, 136, 102, 73, 141, 233, 245, 41, 112, 152, 35, 121, 245, 172, 243, 190, 194, 17, 13, 61, 67, 10, 16, 91, 181, 19, 220, 60, 126, 209, 31, 210, 231, 33, 133, 25, 32, 132, 117, 140, 222, 241, 124],
 delta=0.16137750692504085}
q = 512 ; k = 4
DeltaModel{id=null, array=[345, 258, 48, 111],
 delta=0.9511566231352153}
q = 512 ; k = 8
DeltaModel{id=null, array=[345, 414, 409, 7, 490, 336, 213, 156],
 delta=0.6998551019346856}
q = 512 ; k = 16
DeltaModel{id=null, array=[28, 194, 340, 343, 344, 379, 274, 108, 156, 481, 328, 431, 181, 211, 115, 384],
 delta=0.48941005943187404}
q = 512 ; k = 32
DeltaModel{id=null, array=[378, 335, 41, 488, 431, 419, 487, 63, 16, 166, 115, 313, 387, 295, 15, 354, 247, 209, 450, 476, 396, 462, 416, 74, 133, 439, 389, 69, 66, 132, 434, 334],
 delta=0.3423820727923875}
q = 512 ; k = 64
DeltaModel{id=null, array=[473, 374, 278, 235, 334, 294, 468, 101, 2, 75, 43, 97, 152, 227, 364, 369, 192, 134, 374, 508, 260, 52, 487, 320, 244, 443, 249, 336, 51, 371, 444, 236, 251, 288, 466, 187, 394, 461, 435, 158, 37, 58, 392, 305, 483, 96, 142, 83, 255, 412, 30, 143, 204, 305, 424, 504, 55, 77, 168, 139, 397, 404, 123, 363],
 delta=0.2436424765734591}
q = 512 ; k = 128
DeltaModel{id=null, array=[30, 350, 206, 212, 178, 45, 442, 235, 257, 227, 15, 256, 262, 272, 334, 117, 325, 462, 82, 228, 144, 467, 484, 281, 198, 52, 12, 498, 440, 50, 433, 210, 248, 333, 364, 448, 113, 360, 166, 285, 123, 493, 443, 327, 371, 373, 32, 62, 399, 402, 263, 125, 92, 153, 236, 281, 117, 39, 415, 39, 54, 100, 113, 500, 34, 179, 212, 1, 289, 213, 503, 333, 357, 208, 227, 344, 255, 142, 330, 3, 456, 18, 304, 219, 79, 65, 390, 406, 263, 91, 341, 285, 455, 393, 482, 495, 4, 139, 502, 146, 140, 3, 331, 24, 265, 176, 233, 262, 74, 323, 366, 267, 427, 197, 400, 180, 54, 128, 101, 464, 482, 145, 60, 210, 321, 76, 181, 200],
 delta=0.1742226080260807}
q = 8 ; k = 4
DeltaModel{id=null, array=[1, 6, 3, 2],
 delta=0.5}
q = 16 ; k = 4
DeltaModel{id=null, array=[1, 4, 13, 2],
 delta=0.5817115674011647}
q = 16 ; k = 8
DeltaModel{id=null, array=[11, 13, 4, 0, 15, 10, 8, 14],
 delta=0.35017315058550397}
q = 32 ; k = 4
DeltaModel{id=null, array=[9, 10, 28, 6],
 delta=0.7253240713707779}
q = 32 ; k = 8
DeltaModel{id=null, array=[11, 24, 31, 14, 7, 8, 13, 12],
 delta=0.47283460473440664}
q = 32 ; k = 16
DeltaModel{id=null, array=[22, 15, 24, 30, 16, 28, 27, 9, 1, 2, 10, 5, 17, 4, 25, 20],
 delta=0.28236495630947583}
q = 64 ; k = 4
DeltaModel{id=null, array=[29, 17, 8, 37],
 delta=0.8232222343552658}
q = 64 ; k = 8
DeltaModel{id=null, array=[44, 35, 27, 25, 4, 10, 28, 40],
 delta=0.5284861343166438}
q = 64 ; k = 16
DeltaModel{id=null, array=[24, 20, 58, 26, 61, 27, 43, 35, 15, 48, 52, 55, 45, 13, 53, 46],
 delta=0.38404136895993907}
q = 64 ; k = 32
DeltaModel{id=null, array=[5, 13, 59, 62, 2, 6, 19, 38, 9, 42, 8, 58, 50, 14, 36, 11, 26, 54, 18, 30, 61, 34, 13, 1, 47, 4, 60, 39, 29, 19, 28, 0],
 delta=0.22376811751874465}
q = 128 ; k = 4
DeltaModel{id=null, array=[53, 32, 80, 110],
 delta=0.8888577913246488}
q = 128 ; k = 8
DeltaModel{id=null, array=[63, 33, 12, 75, 65, 125, 120, 16],
 delta=0.6230307471749635}
q = 128 ; k = 16
DeltaModel{id=null, array=[7, 56, 60, 44, 125, 84, 88, 5, 26, 102, 48, 23, 34, 104, 61, 113],
 delta=0.42133038412539636}
q = 128 ; k = 32
DeltaModel{id=null, array=[38, 40, 123, 43, 49, 103, 45, 109, 70, 59, 69, 93, 42, 112, 100, 55, 51, 32, 117, 51, 12, 124, 4, 31, 86, 72, 84, 76, 62, 94, 40, 97],
 delta=0.2812497717174262}
q = 128 ; k = 64
DeltaModel{id=null, array=[105, 29, 75, 103, 61, 72, 41, 68, 60, 116, 69, 94, 106, 83, 104, 65, 117, 44, 119, 53, 92, 38, 105, 23, 32, 99, 87, 54, 52, 22, 52, 29, 101, 57, 2, 69, 1, 23, 115, 97, 39, 68, 36, 31, 104, 81, 28, 80, 102, 71, 32, 60, 13, 119, 112, 41, 62, 33, 26, 7, 91, 104, 116, 19],
 delta=0.218046714173867}
q = 256 ; k = 4
DeltaModel{id=null, array=[209, 213, 119, 50],
 delta=0.9152644366420752}
q = 256 ; k = 8
DeltaModel{id=null, array=[14, 224, 135, 11, 44, 32, 187, 219],
 delta=0.6184486268726536}
q = 256 ; k = 16
DeltaModel{id=null, array=[203, 124, 180, 23, 8, 103, 14, 101, 81, 52, 250, 184, 251, 114, 67, 206],
 delta=0.4450268850426412}
q = 256 ; k = 32
DeltaModel{id=null, array=[134, 124, 164, 211, 242, 81, 54, 202, 75, 171, 251, 97, 157, 175, 211, 247, 167, 63, 207, 194, 182, 246, 183, 32, 91, 188, 106, 1, 52, 232, 104, 191],
 delta=0.3131359689870353}
q = 256 ; k = 64
DeltaModel{id=null, array=[24, 225, 91, 77, 156, 142, 35, 155, 30, 133, 73, 233, 98, 9, 167, 60, 14, 112, 111, 210, 153, 62, 130, 36, 55, 188, 1, 155, 41, 171, 242, 109, 10, 105, 75, 229, 249, 8, 183, 236, 41, 33, 232, 47, 173, 52, 173, 118, 221, 137, 229, 182, 126, 205, 76, 179, 28, 71, 64, 65, 144, 128, 190, 26],
 delta=0.20970884481027202}
q = 256 ; k = 128
DeltaModel{id=null, array=[109, 12, 154, 189, 201, 65, 198, 18, 46, 227, 17, 1, 56, 217, 174, 213, 99, 53, 203, 11, 148, 247, 224, 111, 175, 120, 136, 106, 172, 226, 85, 151, 22, 215, 93, 249, 96, 208, 33, 136, 198, 157, 201, 248, 79, 214, 162, 74, 182, 223, 171, 197, 241, 45, 218, 126, 0, 113, 249, 116, 81, 102, 222, 184, 173, 209, 243, 12, 164, 62, 38, 219, 215, 177, 175, 47, 3, 104, 178, 77, 155, 116, 226, 246, 74, 56, 124, 127, 234, 66, 209, 175, 157, 253, 124, 14, 134, 146, 192, 50, 96, 156, 38, 111, 133, 81, 236, 234, 119, 130, 132, 175, 156, 158, 185, 175, 179, 188, 36, 61, 7, 142, 207, 197, 149, 24, 217, 29],
 delta=0.16418756242067717}
q = 512 ; k = 4
DeltaModel{id=null, array=[153, 0, 270, 115],
 delta=0.9468225607681554}
q = 512 ; k = 8
DeltaModel{id=null, array=[287, 314, 381, 262, 21, 276, 190, 457],
 delta=0.687698995992709}
q = 512 ; k = 16
DeltaModel{id=null, array=[116, 354, 377, 329, 3, 56, 49, 32, 493, 87, 316, 436, 231, 342, 153, 318],
 delta=0.5106590572614009}
q = 512 ; k = 32
DeltaModel{id=null, array=[11, 61, 422, 301, 79, 483, 230, 317, 59, 465, 491, 29, 403, 90, 174, 34, 414, 444, 168, 239, 303, 328, 175, 501, 419, 157, 164, 115, 340, 229, 324, 470],
 delta=0.34505689750337976}
q = 512 ; k = 64
DeltaModel{id=null, array=[347, 92, 444, 157, 134, 399, 66, 239, 136, 280, 299, 391, 259, 460, 344, 384, 435, 231, 261, 5, 159, 308, 329, 412, 441, 487, 338, 306, 253, 0, 479, 113, 160, 325, 16, 194, 11, 136, 291, 337, 87, 53, 188, 77, 499, 334, 452, 387, 37, 297, 143, 59, 222, 50, 281, 76, 441, 235, 360, 264, 359, 77, 311, 87],
 delta=0.24143866250971469}
q = 512 ; k = 128
DeltaModel{id=null, array=[335, 129, 159, 110, 264, 364, 89, 4, 240, 376, 447, 273, 98, 63, 332, 229, 248, 399, 422, 129, 197, 48, 461, 91, 479, 54, 198, 184, 79, 259, 252, 18, 337, 275, 185, 50, 93, 73, 231, 326, 27, 181, 423, 41, 420, 295, 206, 419, 336, 67, 406, 394, 443, 484, 132, 474, 31, 190, 180, 507, 250, 353, 223, 106, 386, 426, 107, 316, 99, 369, 459, 343, 438, 311, 506, 502, 290, 237, 174, 150, 361, 245, 252, 107, 189, 214, 384, 8, 267, 488, 180, 204, 194, 433, 40, 335, 305, 351, 360, 292, 98, 500, 158, 411, 354, 374, 165, 187, 95, 7, 169, 395, 347, 92, 317, 374, 354, 459, 471, 468, 348, 88, 10, 102, 238, 153, 28, 483],
 delta=0.1792958646814773}
q = 512 ; k = 256
DeltaModel{id=null, array=[120, 348, 310, 44, 150, 5, 188, 260, 26, 468, 435, 38, 140, 223, 396, 336, 485, 3, 49, 495, 51, 424, 267, 412, 141, 244, 330, 266, 425, 113, 416, 140, 385, 226, 182, 451, 346, 483, 269, 284, 401, 61, 10, 331, 257, 31, 202, 354, 323, 350, 117, 96, 448, 93, 256, 354, 74, 500, 166, 91, 174, 126, 195, 375, 121, 309, 380, 237, 225, 172, 324, 14, 338, 201, 114, 136, 288, 12, 68, 109, 484, 260, 258, 59, 383, 469, 449, 494, 289, 33, 213, 390, 283, 11, 9, 423, 267, 244, 400, 405, 506, 61, 409, 51, 305, 26, 178, 298, 344, 29, 23, 419, 170, 226, 261, 414, 311, 49, 152, 21, 384, 114, 402, 290, 105, 132, 449, 390, 271, 290, 1, 26, 124, 475, 13, 445, 504, 103, 249, 173, 166, 84, 366, 70, 348, 102, 490, 14, 232, 403, 384, 503, 103, 410, 215, 9, 491, 257, 469, 272, 320, 233, 37, 510, 419, 116, 460, 233, 422, 238, 132, 427, 464, 269, 135, 328, 356, 86, 195, 198, 186, 358, 83, 11, 343, 190, 33, 498, 274, 124, 112, 193, 282, 433, 54, 500, 155, 300, 393, 134, 63, 17, 216, 99, 486, 471, 321, 419, 69, 393, 353, 207, 307, 203, 417, 359, 325, 351, 223, 45, 301, 354, 366, 397, 319, 209, 80, 76, 438, 478, 477, 486, 54, 350, 154, 489, 195, 36, 173, 82, 217, 440, 95, 487, 220, 295, 474, 455, 403, 410, 241, 368, 37, 418, 380, 283],
 delta=0.11892406853541318}
q = 1024 ; k = 4
DeltaModel{id=null, array=[340, 169, 432, 241],
 delta=0.9700115816081976}
q = 1024 ; k = 8
DeltaModel{id=null, array=[84, 834, 864, 761, 405, 742, 418, 419],
 delta=0.7591351254525133}
q = 1024 ; k = 16
DeltaModel{id=null, array=[955, 238, 310, 342, 533, 166, 585, 138, 5, 687, 197, 805, 144, 128, 770, 328],
 delta=0.5325963038269803}
q = 1024 ; k = 32
DeltaModel{id=null, array=[162, 137, 204, 761, 772, 1017, 853, 787, 384, 849, 80, 518, 706, 309, 1013, 98, 898, 925, 442, 1, 268, 903, 794, 736, 672, 214, 529, 428, 702, 888, 948, 328],
 delta=0.3746596108290992}
q = 1024 ; k = 64
DeltaModel{id=null, array=[695, 47, 1018, 635, 860, 163, 517, 109, 121, 636, 604, 258, 801, 66, 197, 321, 119, 194, 510, 947, 220, 474, 83, 56, 689, 99, 699, 408, 194, 471, 267, 808, 309, 660, 680, 750, 525, 286, 62, 67, 581, 131, 374, 205, 876, 638, 942, 569, 112, 298, 878, 197, 183, 918, 957, 142, 656, 738, 127, 557, 938, 712, 567, 813],
 delta=0.26643473241772303}
q = 1024 ; k = 128
DeltaModel{id=null, array=[775, 562, 1009, 291, 759, 11, 827, 777, 955, 723, 1001, 867, 997, 209, 326, 199, 732, 712, 264, 546, 215, 116, 385, 534, 427, 190, 413, 791, 278, 838, 645, 784, 171, 692, 857, 811, 62, 380, 787, 548, 582, 196, 975, 51, 399, 376, 700, 906, 989, 57, 692, 713, 282, 612, 858, 937, 560, 773, 763, 661, 635, 552, 107, 460, 244, 609, 604, 746, 539, 169, 219, 579, 348, 71, 911, 641, 577, 744, 906, 648, 175, 27, 879, 1008, 1010, 257, 538, 676, 632, 74, 401, 87, 693, 797, 455, 513, 189, 194, 166, 94, 810, 1007, 470, 473, 547, 272, 126, 542, 358, 267, 719, 287, 681, 12, 751, 234, 940, 383, 651, 410, 776, 819, 698, 363, 282, 530, 213, 691],
 delta=0.18402911419911192}
q = 8 ; d = 4
DeltaModel{id=null, array=[7, 1, 4, 0],
 delta=0.4999999999999999}
q = 16 ; d = 4
DeltaModel{id=null, array=[3, 2, 7, 0],
 delta=0.5817115674011636}
q = 16 ; d = 8
DeltaModel{id=null, array=[0, 4, 3, 7, 5, 11, 14, 6],
 delta=0.3061862178478972}
q = 32 ; d = 4
DeltaModel{id=null, array=[24, 17, 4, 13],
 delta=0.7071067811865469}
q = 64 ; d = 8
DeltaModel{id=null, array=[34, 16, 32, 36, 34, 35, 52, 22],
 delta=0.481346209940578}
q = 64 ; d = 16
DeltaModel{id=null, array=[32, 56, 53, 1, 44, 59, 0, 47, 46, 56, 16, 5, 35, 56, 22, 22],
 delta=0.32644378293002274}
q = 64 ; d = 32
DeltaModel{id=null, array=[21, 63, 59, 9, 33, 58, 55, 25, 60, 23, 45, 7, 7, 16, 31, 42, 7, 25, 63, 8, 61, 63, 42, 24, 0, 10, 63, 38, 34, 17, 39, 22],
 delta=0.22230210291326982}
q = 128 ; d = 8
DeltaModel{id=null, array=[36, 54, 98, 9, 124, 125, 27, 36],
 delta=0.5539710040025518}
q = 128 ; d = 16
DeltaModel{id=null, array=[33, 48, 5, 63, 94, 63, 90, 45, 5, 87, 102, 106, 39, 27, 1, 73],
 delta=0.36380639274367654}
q = 128 ; d = 32
DeltaModel{id=null, array=[93, 11, 29, 121, 115, 127, 125, 24, 76, 0, 109, 43, 56, 62, 114, 97, 4, 40, 93, 125, 80, 13, 77, 47, 47, 12, 24, 4, 17, 76, 48, 82],
 delta=0.26245951384773136}
q = 128 ; d = 64
DeltaModel{id=null, array=[85, 65, 96, 39, 89, 87, 61, 38, 80, 71, 41, 59, 83, 41, 124, 51, 55, 51, 55, 69, 100, 111, 76, 49, 71, 13, 77, 49, 61, 9, 108, 80, 113, 85, 115, 6, 108, 100, 116, 14, 39, 51, 50, 127, 55, 81, 93, 68, 77, 71, 101, 16, 84, 15, 83, 94, 74, 112, 109, 48, 40, 27, 51, 36],
 delta=0.18329606653907052}
q = 256 ; d = 8
DeltaModel{id=null, array=[205, 207, 60, 44, 122, 90, 237, 62],
 delta=0.6128724765315212}
q = 256 ; d = 16
DeltaModel{id=null, array=[61, 93, 204, 216, 22, 81, 191, 26, 185, 30, 35, 192, 202, 149, 36, 113],
 delta=0.4231444296452809}
q = 256 ; d = 32
DeltaModel{id=null, array=[185, 93, 68, 196, 157, 145, 103, 92, 241, 228, 154, 154, 252, 159, 42, 15, 61, 221, 203, 183, 195, 146, 252, 121, 239, 237, 101, 100, 145, 95, 231, 228],
 delta=0.28562979966672697}
q = 256 ; d = 64
DeltaModel{id=null, array=[198, 5, 221, 149, 52, 19, 138, 0, 176, 231, 41, 91, 39, 90, 0, 42, 23, 40, 127, 255, 106, 28, 195, 19, 0, 77, 213, 3, 157, 170, 106, 109, 30, 144, 159, 31, 156, 227, 27, 61, 136, 25, 50, 34, 168, 144, 255, 55, 154, 31, 255, 78, 187, 232, 93, 69, 112, 180, 255, 95, 66, 34, 255, 59],
 delta=0.2059489674195508}
q = 64 ; d = 8
DeltaModel{id=null, array=[45, 39, 46, 60, 23, 38, 8, 11],
 delta=0.49371061675108024}
q = 64 ; d = 16
DeltaModel{id=null, array=[31, 42, 50, 32, 15, 10, 2, 27, 26, 19, 15, 30, 8, 28, 26, 14],
 delta=0.3112172206839168}
q = 64 ; d = 32
DeltaModel{id=null, array=[57, 22, 0, 62, 47, 16, 18, 12, 41, 38, 25, 47, 42, 35, 58, 48, 36, 32, 56, 13, 48, 1, 16, 45, 40, 29, 52, 32, 60, 26, 16, 11],
 delta=0.22106115357440104}
q = 128 ; d = 8
DeltaModel{id=null, array=[29, 15, 39, 66, 40, 0, 107, 13],
 delta=0.5382794201682138}
q = 128 ; d = 16
DeltaModel{id=null, array=[101, 1, 28, 119, 33, 59, 105, 14, 118, 6, 38, 120, 51, 66, 93, 35],
 delta=0.3733548669882814}
q = 128 ; d = 32
DeltaModel{id=null, array=[115, 6, 87, 43, 104, 36, 126, 121, 91, 94, 125, 69, 66, 99, 4, 111, 22, 107, 23, 110, 38, 0, 45, 67, 67, 66, 112, 64, 47, 0, 100, 0],
 delta=0.2588109520020308}
q = 128 ; d = 64
DeltaModel{id=null, array=[9, 43, 103, 68, 81, 44, 121, 93, 6, 64, 87, 114, 87, 77, 105, 96, 7, 47, 22, 3, 1, 68, 108, 54, 52, 36, 43, 64, 49, 17, 28, 28, 113, 71, 12, 122, 123, 52, 125, 16, 88, 16, 60, 121, 116, 65, 53, 29, 105, 109, 22, 125, 94, 55, 29, 53, 127, 61, 16, 116, 8, 102, 31, 100],
 delta=0.1847537790647072}
q = 256 ; d = 8
DeltaModel{id=null, array=[88, 16, 71, 230, 1, 20, 237, 120],
 delta=0.6185320094876866}
q = 64 ; d = 8
DeltaModel{id=null, array=[57, 37, 25, 22, 8, 9, 63, 38],
 delta=0.47403654312606397}
q = 64 ; d = 16
DeltaModel{id=null, array=[41, 15, 25, 2, 60, 20, 21, 5, 55, 54, 38, 23, 12, 58, 28, 22],
 delta=0.33177963587055903}
q = 64 ; d = 32
DeltaModel{id=null, array=[39, 8, 34, 56, 60, 41, 26, 60, 23, 23, 23, 27, 25, 11, 0, 60, 4, 2, 20, 31, 23, 48, 0, 63, 33, 59, 12, 3, 59, 52, 24, 42],
 delta=0.2194792054684255}
q = 128 ; d = 8
DeltaModel{id=null, array=[83, 54, 95, 13, 61, 52, 37, 125],
 delta=0.5417875483938976}
q = 128 ; d = 16
DeltaModel{id=null, array=[63, 79, 57, 84, 56, 16, 92, 70, 6, 9, 99, 29, 76, 125, 108, 53],
 delta=0.36771721500168525}
q = 128 ; d = 32
DeltaModel{id=null, array=[17, 64, 9, 39, 101, 76, 21, 106, 33, 87, 76, 85, 68, 49, 9, 16, 20, 21, 15, 82, 101, 51, 65, 2, 31, 76, 68, 35, 105, 1, 61, 69],
 delta=0.2549121356017131}
q = 128 ; d = 64
DeltaModel{id=null, array=[8, 86, 100, 114, 82, 106, 82, 44, 91, 85, 12, 26, 71, 102, 121, 46, 111, 110, 83, 50, 59, 126, 122, 78, 5, 85, 5, 121, 89, 19, 34, 118, 97, 16, 29, 99, 109, 98, 79, 19, 59, 71, 123, 51, 72, 92, 65, 41, 126, 94, 8, 114, 38, 127, 76, 39, 84, 107, 103, 72, 95, 117, 98, 50],
 delta=0.1840113183520001}
q = 256 ; d = 8
DeltaModel{id=null, array=[188, 138, 244, 144, 109, 96, 187, 170],
 delta=0.6063354845495171}
q = 256 ; d = 16
DeltaModel{id=null, array=[37, 152, 155, 26, 153, 216, 229, 10, 212, 94, 13, 36, 199, 139, 188, 67],
 delta=0.40859179198894585}
q = 256 ; d = 32
DeltaModel{id=null, array=[152, 188, 204, 126, 176, 60, 63, 242, 49, 220, 87, 153, 134, 182, 73, 122, 167, 57, 28, 187, 134, 100, 213, 115, 197, 55, 24, 38, 6, 53, 35, 205],
 delta=0.29264863754372467}
q = 256 ; d = 64
DeltaModel{id=null, array=[17, 202, 0, 102, 136, 63, 250, 125, 178, 34, 228, 213, 45, 170, 249, 137, 255, 181, 202, 144, 71, 45, 159, 153, 158, 250, 255, 255, 8, 226, 191, 159, 196, 164, 89, 255, 160, 145, 146, 154, 116, 155, 127, 41, 34, 215, 161, 172, 106, 22, 148, 118, 103, 255, 67, 219, 15, 239, 51, 199, 82, 102, 254, 187],
 delta=0.20028753311544958}
q = 256 ; d = 128
DeltaModel{id=null, array=[63, 166, 172, 13, 227, 155, 25, 0, 74, 99, 157, 168, 233, 50, 196, 107, 211, 216, 196, 187, 21, 126, 159, 177, 33, 251, 0, 208, 85, 39, 208, 8, 95, 43, 19, 156, 196, 209, 124, 193, 100, 127, 255, 117, 171, 150, 235, 226, 182, 217, 19, 119, 255, 10, 161, 44, 121, 92, 183, 222, 0, 101, 253, 126, 118, 163, 37, 135, 25, 0, 28, 175, 23, 96, 35, 220, 0, 94, 86, 48, 91, 150, 0, 56, 117, 245, 179, 88, 107, 175, 96, 0, 66, 168, 37, 255, 114, 2, 194, 246, 240, 136, 239, 135, 43, 86, 47, 7, 61, 54, 132, 6, 144, 198, 94, 54, 103, 231, 41, 134, 15, 15, 71, 145, 76, 44, 30, 15],
 delta=0.14084217303413832}
q = 512 ; d = 8
DeltaModel{id=null, array=[415, 285, 129, 41, 220, 320, 292, 241],
 delta=0.6609203715346254}
q = 512 ; d = 16
DeltaModel{id=null, array=[57, 0, 473, 274, 422, 388, 232, 205, 452, 328, 61, 118, 314, 60, 129, 51],
 delta=0.45296024827270026}
q = 512 ; d = 32
DeltaModel{id=null, array=[286, 469, 469, 489, 255, 489, 229, 103, 341, 380, 173, 367, 287, 211, 0, 117, 263, 276, 408, 372, 403, 4, 485, 310, 401, 210, 342, 347, 347, 101, 130, 276],
 delta=0.31619930586317063}
q = 512 ; d = 64
DeltaModel{id=null, array=[372, 13, 399, 365, 511, 288, 112, 196, 356, 263, 283, 163, 344, 311, 0, 441, 372, 57, 333, 242, 63, 150, 73, 300, 153, 363, 193, 0, 133, 38, 163, 428, 422, 0, 505, 323, 313, 240, 443, 241, 416, 433, 2, 186, 156, 511, 440, 133, 359, 115, 51, 40, 277, 6, 176, 288, 452, 32, 212, 62, 288, 289, 171, 104],
 delta=0.22852912025913713}
q = 512 ; d = 128
DeltaModel{id=null, array=[92, 409, 77, 426, 248, 469, 67, 2, 420, 248, 478, 205, 441, 0, 200, 417, 145, 80, 420, 503, 142, 368, 382, 429, 6, 250, 100, 404, 383, 177, 242, 271, 89, 258, 312, 132, 357, 221, 407, 138, 465, 375, 222, 278, 400, 319, 331, 255, 492, 454, 180, 68, 261, 130, 171, 92, 353, 231, 77, 62, 505, 49, 308, 511, 472, 511, 249, 362, 7, 425, 403, 131, 357, 484, 497, 25, 428, 368, 381, 397, 295, 371, 274, 337, 246, 241, 185, 330, 421, 509, 246, 324, 86, 364, 38, 88, 414, 445, 511, 385, 319, 511, 475, 368, 28, 511, 1, 179, 509, 122, 253, 474, 398, 170, 325, 511, 428, 172, 439, 283, 224, 350, 185, 164, 345, 426, 197, 497],
 delta=0.16016362311338525}
q = 512 ; d = 256
DeltaModel{id=null, array=[60, 460, 59, 0, 334, 511, 182, 57, 409, 347, 117, 295, 257, 170, 181, 395, 25, 457, 91, 0, 304, 135, 487, 169, 333, 324, 511, 196, 411, 169, 491, 337, 314, 329, 346, 181, 0, 60, 250, 426, 0, 405, 440, 28, 166, 432, 245, 501, 307, 0, 160, 90, 333, 55, 511, 133, 97, 108, 511, 246, 162, 0, 133, 479, 288, 55, 403, 172, 344, 26, 267, 300, 192, 211, 189, 373, 454, 79, 132, 511, 169, 122, 194, 65, 106, 64, 60, 386, 343, 257, 155, 470, 288, 247, 0, 194, 19, 160, 422, 154, 196, 270, 294, 287, 361, 453, 228, 133, 359, 182, 198, 55, 83, 401, 508, 342, 442, 192, 12, 511, 134, 446, 380, 309, 362, 137, 73, 323, 0, 507, 481, 166, 140, 74, 317, 413, 37, 194, 238, 259, 236, 499, 511, 151, 38, 511, 511, 103, 448, 42, 327, 334, 196, 426, 268, 370, 164, 463, 211, 219, 0, 508, 486, 468, 419, 142, 142, 69, 410, 221, 50, 511, 227, 38, 457, 505, 125, 385, 425, 370, 378, 220, 13, 308, 60, 413, 245, 279, 7, 380, 80, 316, 167, 392, 511, 457, 141, 0, 406, 379, 126, 407, 283, 507, 511, 281, 492, 27, 249, 15, 507, 164, 124, 331, 357, 28, 180, 313, 63, 413, 427, 381, 386, 494, 352, 246, 270, 200, 322, 20, 264, 73, 0, 368, 48, 478, 248, 476, 18, 101, 184, 441, 404, 252, 183, 297, 115, 380, 264, 487, 333, 0, 260, 201, 303, 350],
 delta=0.11580391363015537}
q = 1024 ; d = 8
DeltaModel{id=null, array=[815, 22, 340, 637, 597, 136, 737, 415],
 delta=0.711778496126746}
q = 1024 ; d = 16
DeltaModel{id=null, array=[789, 896, 24, 653, 902, 516, 327, 224, 1003, 458, 972, 164, 835, 236, 462, 145],
 delta=0.5027690220832843}
q = 1024 ; d = 32
DeltaModel{id=null, array=[528, 165, 711, 677, 518, 207, 156, 406, 920, 818, 600, 197, 859, 757, 951, 201, 325, 746, 805, 260, 201, 872, 216, 542, 415, 318, 491, 412, 171, 622, 390, 0],
 delta=0.3424223299109205}
q = 1024 ; d = 64
DeltaModel{id=null, array=[108, 853, 204, 310, 301, 227, 467, 490, 131, 787, 145, 760, 785, 211, 74, 440, 729, 0, 91, 454, 79, 795, 681, 805, 605, 805, 680, 975, 114, 932, 142, 146, 90, 733, 760, 319, 370, 517, 841, 280, 560, 573, 610, 67, 0, 712, 348, 92, 834, 502, 745, 810, 818, 844, 804, 560, 155, 325, 88, 208, 491, 758, 202, 619],
 delta=0.2457914447512475}
q = 1024 ; d = 128
DeltaModel{id=null, array=[392, 369, 760, 561, 819, 948, 67, 828, 169, 522, 178, 1023, 816, 264, 890, 121, 781, 0, 155, 577, 311, 101, 544, 1023, 111, 920, 711, 19, 823, 633, 902, 1023, 570, 1, 885, 512, 586, 601, 984, 291, 405, 606, 157, 487, 134, 13, 657, 335, 375, 630, 181, 746, 950, 331, 378, 745, 549, 28, 906, 330, 686, 378, 499, 737, 452, 163, 426, 347, 907, 901, 808, 859, 504, 376, 479, 990, 953, 357, 0, 901, 887, 354, 730, 756, 250, 992, 277, 606, 965, 62, 716, 724, 963, 679, 554, 722, 128, 524, 37, 104, 750, 382, 627, 670, 325, 444, 961, 521, 310, 414, 0, 128, 603, 298, 283, 680, 781, 716, 303, 123, 885, 120, 150, 1002, 738, 487, 487, 175],
 delta=0.1753244550668041}
