q = 8 ; k = 4
DeltaModel{id=null, array=[5, 2, 3, 4],
 delta=0.6532814824381883}
q = 16 ; k = 4
DeltaModel{id=null, array=[0, 13, 1, 9],
 delta=0.7905694150420948}
q = 16 ; k = 8
DeltaModel{id=null, array=[4, 11, 0, 13, 5, 11, 2, 8],
 delta=0.49460928787106195}
q = 32 ; k = 4
DeltaModel{id=null, array=[8, 22, 3, 23],
 delta=0.7545583017740513}
q = 32 ; k = 8
DeltaModel{id=null, array=[17, 18, 1, 15, 7, 15, 24, 5],
 delta=0.5}
q = 32 ; k = 16
DeltaModel{id=null, array=[28, 11, 28, 4, 4, 15, 29, 20, 4, 5, 0, 19, 24, 24, 11, 15],
 delta=0.5929270612815706}
q = 64 ; k = 4
DeltaModel{id=null, array=[20, 27, 59, 58],
 delta=0.915010875833969}
q = 64 ; k = 8
DeltaModel{id=null, array=[23, 3, 28, 37, 60, 45, 14, 27],
 delta=0.6240840694262949}
q = 64 ; k = 16
DeltaModel{id=null, array=[56, 32, 25, 31, 39, 27, 45, 4, 61, 60, 43, 46, 62, 59, 46, 8],
 delta=0.44536310187283856}
q = 64 ; k = 32
DeltaModel{id=null, array=[38, 31, 34, 14, 19, 8, 14, 11, 28, 36, 8, 38, 20, 43, 26, 29, 1, 21, 24, 57, 58, 7, 40, 39, 12, 6, 14, 63, 16, 10, 14, 54],
 delta=0.3195551369034622}
q = 128 ; k = 4
DeltaModel{id=null, array=[68, 51, 58, 3],
 delta=0.892553224316222}
q = 128 ; k = 8
DeltaModel{id=null, array=[37, 89, 19, 82, 110, 65, 26, 117],
 delta=0.7555044155133507}
q = 128 ; k = 16
DeltaModel{id=null, array=[38, 83, 9, 82, 19, 57, 95, 66, 46, 57, 20, 8, 99, 48, 53, 40],
 delta=0.5049285533471097}
q = 128 ; k = 32
DeltaModel{id=null, array=[114, 108, 56, 29, 45, 67, 79, 3, 45, 29, 76, 105, 63, 57, 97, 8, 69, 94, 119, 123, 89, 6, 22, 34, 117, 31, 72, 102, 21, 62, 127, 109],
 delta=0.3192053223845066}
q = 128 ; k = 64
DeltaModel{id=null, array=[74, 16, 83, 116, 106, 114, 0, 82, 63, 126, 41, 28, 102, 12, 76, 123, 9, 46, 20, 97, 52, 125, 43, 3, 18, 30, 84, 61, 22, 15, 40, 24, 113, 12, 14, 111, 120, 44, 119, 85, 80, 19, 34, 120, 117, 41, 54, 104, 59, 29, 22, 108, 36, 60, 83, 83, 44, 55, 84, 59, 62, 4, 64, 1],
 delta=0.26894659337188287}
q = 256 ; k = 4
DeltaModel{id=null, array=[209, 175, 242, 201],
 delta=0.9387521974336389}
q = 256 ; k = 8
DeltaModel{id=null, array=[139, 8, 131, 3, 41, 246, 197, 71],
 delta=0.7033000418508142}
q = 256 ; k = 16
DeltaModel{id=null, array=[122, 254, 128, 154, 222, 146, 55, 72, 204, 168, 41, 230, 14, 13, 152, 183],
 delta=0.5}
q = 256 ; k = 32
DeltaModel{id=null, array=[20, 70, 222, 69, 23, 10, 110, 166, 110, 72, 209, 65, 170, 31, 108, 77, 71, 154, 185, 201, 148, 71, 23, 71, 177, 225, 126, 202, 62, 134, 0, 147],
 delta=0.49021978517042786}
q = 256 ; k = 64
DeltaModel{id=null, array=[98, 73, 225, 250, 233, 51, 160, 247, 7, 223, 138, 13, 61, 39, 4, 27, 252, 146, 25, 67, 108, 201, 185, 196, 85, 58, 49, 78, 216, 235, 119, 64, 136, 124, 187, 200, 112, 5, 170, 72, 182, 53, 62, 205, 11, 232, 97, 179, 219, 189, 132, 127, 55, 238, 0, 124, 214, 159, 250, 238, 62, 102, 252, 198],
 delta=0.2777362016360515}
q = 256 ; k = 128
DeltaModel{id=null, array=[11, 200, 179, 127, 204, 0, 27, 147, 94, 77, 243, 115, 9, 184, 120, 102, 5, 95, 61, 18, 143, 7, 208, 45, 205, 133, 22, 103, 181, 236, 246, 139, 252, 32, 152, 243, 0, 242, 47, 212, 65, 223, 124, 189, 254, 132, 225, 82, 57, 50, 112, 92, 90, 216, 68, 160, 203, 206, 73, 149, 200, 207, 200, 242, 195, 28, 124, 106, 164, 249, 160, 194, 221, 216, 193, 6, 164, 91, 154, 252, 157, 147, 32, 142, 54, 58, 121, 212, 79, 29, 179, 218, 214, 108, 105, 40, 172, 22, 80, 209, 227, 39, 210, 211, 164, 3, 246, 152, 36, 67, 178, 114, 31, 81, 77, 189, 175, 83, 210, 189, 139, 156, 177, 71, 113, 149, 184, 34],
 delta=0.19079974993214252}
q = 512 ; k = 4
DeltaModel{id=null, array=[74, 308, 268, 318],
 delta=1.0}
q = 512 ; k = 8
DeltaModel{id=null, array=[114, 373, 339, 197, 228, 440, 332, 52],
 delta=0.8444855847018304}
q = 512 ; k = 16
DeltaModel{id=null, array=[246, 159, 231, 49, 390, 510, 396, 425, 241, 245, 25, 279, 30, 499, 207, 111],
 delta=0.5677377541771534}
q = 512 ; k = 32
DeltaModel{id=null, array=[260, 423, 454, 58, 309, 89, 449, 383, 458, 251, 287, 479, 232, 67, 375, 501, 464, 360, 403, 501, 451, 297, 370, 46, 266, 376, 179, 301, 476, 450, 73, 198],
 delta=0.48511801891551454}
q = 512 ; k = 64
DeltaModel{id=null, array=[167, 223, 200, 382, 483, 493, 295, 353, 257, 30, 13, 446, 227, 139, 373, 127, 461, 279, 171, 30, 191, 439, 467, 268, 89, 415, 3, 211, 290, 392, 171, 321, 188, 88, 244, 172, 226, 353, 451, 206, 63, 404, 42, 179, 51, 172, 87, 211, 394, 147, 26, 212, 173, 265, 123, 342, 248, 505, 35, 185, 341, 193, 216, 26],
 delta=0.3106376470653471}
q = 512 ; k = 128
DeltaModel{id=null, array=[503, 162, 468, 348, 230, 391, 293, 158, 331, 195, 445, 224, 42, 155, 37, 163, 508, 64, 136, 483, 83, 422, 407, 210, 511, 446, 431, 408, 223, 154, 431, 142, 287, 235, 94, 52, 402, 417, 441, 330, 420, 205, 51, 131, 42, 464, 335, 485, 298, 459, 14, 250, 409, 277, 40, 369, 477, 111, 178, 396, 410, 234, 455, 321, 59, 305, 230, 61, 24, 353, 338, 130, 414, 250, 401, 440, 12, 354, 245, 29, 78, 400, 491, 213, 178, 291, 211, 337, 139, 153, 68, 109, 196, 302, 63, 224, 311, 378, 277, 441, 334, 174, 38, 406, 9, 496, 54, 249, 280, 281, 2, 374, 269, 269, 186, 26, 30, 485, 123, 233, 293, 496, 480, 438, 161, 89, 217, 228],
 delta=0.1749778480242977}
q = 512 ; k = 256
DeltaModel{id=null, array=[26, 399, 204, 148, 280, 209, 23, 496, 151, 272, 342, 483, 267, 34, 453, 140, 162, 1, 250, 298, 217, 14, 111, 192, 211, 367, 387, 94, 83, 482, 134, 469, 104, 387, 213, 51, 54, 226, 378, 294, 1, 69, 251, 116, 230, 8, 463, 58, 451, 502, 353, 445, 124, 73, 86, 24, 312, 147, 22, 226, 95, 62, 303, 465, 226, 3, 82, 269, 96, 486, 301, 207, 61, 175, 371, 181, 492, 80, 304, 19, 458, 172, 26, 511, 266, 364, 257, 467, 130, 171, 329, 466, 117, 508, 128, 261, 29, 203, 463, 244, 97, 184, 511, 111, 135, 267, 198, 227, 55, 14, 482, 117, 491, 222, 107, 431, 266, 391, 12, 139, 254, 338, 300, 81, 75, 264, 203, 139, 299, 480, 358, 493, 209, 46, 401, 351, 439, 118, 267, 96, 334, 491, 281, 362, 43, 118, 304, 293, 223, 320, 332, 11, 177, 443, 61, 254, 151, 83, 182, 13, 395, 62, 137, 314, 392, 146, 36, 370, 80, 271, 502, 113, 47, 406, 150, 300, 266, 399, 62, 132, 510, 122, 193, 370, 46, 91, 176, 111, 511, 262, 229, 343, 205, 106, 325, 509, 204, 188, 246, 466, 102, 485, 27, 448, 347, 4, 215, 8, 338, 493, 448, 254, 90, 278, 417, 510, 475, 72, 498, 258, 123, 277, 233, 475, 202, 16, 494, 85, 331, 447, 52, 249, 111, 265, 225, 429, 478, 401, 270, 182, 257, 499, 122, 282, 287, 215, 367, 385, 137, 339, 332, 236, 75, 44, 137, 273],
 delta=0.1498808505863754}
q = 1024 ; k = 4
DeltaModel{id=null, array=[881, 338, 488, 922],
 delta=0.9777411491121033}
q = 1024 ; k = 8
DeltaModel{id=null, array=[612, 320, 453, 309, 394, 1001, 394, 949],
 delta=0.8800839414365459}
q = 1024 ; k = 16
DeltaModel{id=null, array=[799, 8, 355, 337, 985, 390, 122, 901, 758, 463, 873, 936, 999, 84, 675, 207],
 delta=0.6233839899378696}
q = 1024 ; k = 32
DeltaModel{id=null, array=[996, 908, 549, 987, 378, 746, 408, 983, 738, 909, 212, 561, 78, 560, 144, 750, 542, 947, 338, 273, 289, 993, 264, 380, 650, 672, 711, 463, 119, 328, 468, 314],
 delta=0.4103533152246227}
q = 1024 ; k = 64
DeltaModel{id=null, array=[146, 225, 644, 695, 332, 224, 138, 598, 494, 156, 513, 384, 772, 631, 525, 792, 279, 714, 488, 239, 838, 294, 540, 775, 1005, 921, 934, 1, 812, 200, 10, 921, 760, 218, 519, 753, 988, 908, 258, 717, 483, 486, 171, 66, 218, 816, 913, 678, 458, 905, 618, 977, 86, 565, 930, 146, 1002, 360, 789, 1003, 526, 1004, 691, 50],
 delta=0.30581684731749836}
q = 64 ; d = 4
DeltaModel{id=null, array=[1, 45, 56, 61],
 delta=0.797312032359926}
