q = 8 ; k = 4
DeltaModel{id=null, array=[3, 1, 4, 0],
 delta=0.5000000000000001}
q = 16 ; k = 4
DeltaModel{id=null, array=[6, 15, 4, 9],
 delta=0.6532814824381882}
q = 16 ; k = 8
DeltaModel{id=null, array=[7, 0, 12, 14, 6, 8, 2, 3],
 delta=0.5}
q = 32 ; k = 4
DeltaModel{id=null, array=[1, 18, 2, 30],
 delta=0.8085822853448248}
q = 32 ; k = 8
DeltaModel{id=null, array=[9, 26, 28, 4, 28, 7, 10, 22],
 delta=0.5657583596134292}
q = 32 ; k = 16
DeltaModel{id=null, array=[22, 17, 10, 22, 7, 21, 20, 0, 15, 6, 13, 0, 25, 8, 1, 1],
 delta=0.3598484555855325}
q = 64 ; k = 4
DeltaModel{id=null, array=[22, 58, 27, 57],
 delta=0.9340501003577429}
q = 64 ; k = 8
DeltaModel{id=null, array=[27, 16, 29, 23, 53, 50, 20, 20],
 delta=0.7299035985901166}
q = 64 ; k = 16
DeltaModel{id=null, array=[53, 24, 9, 11, 55, 30, 46, 4, 34, 0, 34, 6, 40, 31, 47, 53],
 delta=0.4255151213484809}
q = 64 ; k = 32
DeltaModel{id=null, array=[61, 63, 14, 14, 5, 55, 51, 28, 7, 63, 22, 11, 22, 33, 43, 57, 34, 63, 17, 32, 5, 23, 61, 29, 20, 58, 9, 20, 1, 10, 25, 58],
 delta=0.42340198118841366}
q = 128 ; k = 4
DeltaModel{id=null, array=[56, 36, 69, 81],
 delta=0.9194308000402811}
q = 128 ; k = 8
DeltaModel{id=null, array=[25, 19, 21, 107, 114, 12, 2, 58],
 delta=0.7990705501114248}
q = 128 ; k = 16
DeltaModel{id=null, array=[122, 48, 1, 94, 14, 12, 117, 53, 79, 52, 66, 3, 15, 85, 117, 124],
 delta=0.5544266492995527}
q = 128 ; k = 32
DeltaModel{id=null, array=[33, 117, 76, 60, 45, 51, 77, 85, 8, 13, 1, 43, 57, 55, 24, 59, 101, 52, 76, 21, 3, 22, 109, 113, 81, 23, 49, 72, 78, 27, 121, 10],
 delta=0.375}
q = 128 ; k = 64
DeltaModel{id=null, array=[11, 41, 35, 88, 85, 47, 65, 112, 66, 1, 89, 87, 24, 112, 124, 75, 14, 29, 111, 11, 59, 48, 9, 57, 113, 18, 43, 74, 72, 14, 105, 16, 85, 126, 65, 53, 120, 98, 58, 89, 35, 103, 59, 71, 31, 33, 10, 105, 28, 35, 89, 86, 65, 92, 9, 99, 2, 101, 104, 99, 33, 124, 108, 39],
 delta=0.2574373310773825}
q = 256 ; k = 4
DeltaModel{id=null, array=[235, 169, 164, 113],
 delta=0.9616826452483189}
q = 256 ; k = 8
DeltaModel{id=null, array=[122, 159, 252, 59, 75, 9, 200, 179],
 delta=0.7066641906211949}
q = 256 ; k = 16
DeltaModel{id=null, array=[192, 157, 35, 250, 85, 224, 208, 205, 191, 223, 249, 228, 197, 172, 147, 136],
 delta=0.6071997101226522}
q = 256 ; k = 32
DeltaModel{id=null, array=[156, 173, 101, 74, 231, 200, 188, 170, 132, 66, 197, 79, 210, 177, 66, 200, 105, 135, 56, 140, 183, 57, 214, 220, 37, 241, 238, 40, 88, 132, 124, 11],
 delta=0.4716290807385402}
q = 256 ; k = 64
DeltaModel{id=null, array=[43, 31, 168, 96, 156, 214, 199, 139, 119, 88, 195, 14, 253, 137, 63, 249, 46, 26, 92, 226, 90, 210, 38, 47, 216, 245, 154, 131, 79, 67, 110, 39, 32, 250, 217, 122, 255, 162, 148, 184, 13, 198, 72, 163, 101, 138, 180, 83, 181, 187, 148, 199, 239, 174, 67, 169, 29, 131, 3, 101, 242, 69, 253, 120],
 delta=0.25906479882562605}
q = 256 ; k = 128
DeltaModel{id=null, array=[161, 42, 254, 128, 201, 22, 222, 47, 57, 56, 108, 162, 36, 133, 41, 20, 74, 198, 104, 70, 202, 238, 26, 105, 189, 40, 56, 185, 55, 62, 46, 200, 39, 83, 238, 40, 222, 99, 233, 113, 249, 132, 101, 40, 248, 183, 0, 14, 97, 55, 173, 176, 19, 107, 200, 24, 212, 202, 15, 157, 43, 215, 4, 38, 43, 10, 72, 163, 186, 71, 179, 63, 25, 139, 133, 14, 14, 115, 161, 217, 1, 161, 18, 16, 113, 150, 168, 158, 76, 116, 47, 153, 175, 194, 154, 23, 254, 204, 244, 99, 46, 220, 210, 97, 187, 188, 84, 204, 15, 117, 30, 178, 79, 181, 159, 96, 192, 123, 189, 12, 123, 253, 240, 83, 33, 168, 137, 148],
 delta=0.2057760746051994}
q = 512 ; k = 4
DeltaModel{id=null, array=[344, 302, 95, 122],
 delta=0.9910776046825643}
q = 512 ; k = 8
DeltaModel{id=null, array=[167, 47, 394, 212, 419, 338, 353, 164],
 delta=0.7921682059015862}
q = 512 ; k = 16
DeltaModel{id=null, array=[72, 178, 46, 305, 196, 388, 380, 258, 304, 67, 384, 362, 476, 73, 480, 463],
 delta=0.6224614955811695}
q = 512 ; k = 32
DeltaModel{id=null, array=[108, 430, 426, 376, 119, 68, 245, 343, 129, 471, 479, 368, 442, 278, 371, 383, 283, 99, 256, 473, 435, 74, 360, 338, 306, 102, 65, 172, 303, 72, 439, 407],
 delta=0.4049944875954696}
q = 512 ; k = 64
DeltaModel{id=null, array=[356, 64, 486, 300, 433, 466, 263, 352, 204, 68, 460, 399, 368, 347, 158, 441, 244, 281, 211, 433, 475, 89, 443, 278, 267, 387, 62, 321, 163, 366, 193, 238, 159, 189, 255, 429, 49, 53, 80, 335, 139, 307, 437, 384, 100, 472, 12, 251, 88, 349, 140, 173, 349, 264, 155, 351, 208, 73, 203, 232, 7, 170, 366, 70],
 delta=0.30911172497015255}
q = 512 ; k = 128
DeltaModel{id=null, array=[238, 207, 360, 270, 25, 295, 347, 12, 403, 130, 289, 216, 103, 340, 280, 479, 139, 121, 405, 126, 274, 7, 258, 176, 489, 497, 53, 418, 477, 428, 123, 342, 323, 389, 8, 106, 382, 370, 67, 20, 227, 352, 356, 163, 330, 206, 302, 427, 96, 242, 295, 191, 225, 285, 473, 253, 153, 384, 501, 33, 205, 280, 346, 441, 11, 435, 200, 191, 140, 131, 379, 361, 302, 473, 237, 436, 183, 234, 182, 219, 153, 2, 110, 144, 155, 432, 196, 86, 162, 309, 223, 91, 508, 163, 92, 318, 310, 320, 402, 310, 378, 114, 381, 499, 466, 294, 300, 24, 132, 479, 391, 137, 440, 304, 492, 483, 200, 340, 344, 178, 161, 197, 242, 318, 115, 169, 381, 165],
 delta=0.20321001083066867}
q = 8 ; k = 4
DeltaModel{id=null, array=[5, 4, 2, 0],
 delta=0.5}
q = 16 ; k = 4
DeltaModel{id=null, array=[1, 11, 5, 7],
 delta=1.0}
q = 16 ; k = 8
DeltaModel{id=null, array=[7, 6, 0, 12, 14, 14, 4, 11],
 delta=0.5}
q = 32 ; k = 4
DeltaModel{id=null, array=[19, 27, 25, 3],
 delta=1.0}
q = 32 ; k = 8
DeltaModel{id=null, array=[17, 13, 19, 19, 15, 9, 6, 15],
 delta=0.7527743460496527}
q = 32 ; k = 16
DeltaModel{id=null, array=[13, 22, 11, 15, 9, 27, 2, 2, 12, 3, 12, 26, 3, 9, 16, 11],
 delta=0.403752323210672}
q = 64 ; k = 4
DeltaModel{id=null, array=[46, 62, 47, 32],
 delta=0.9477507689199586}
q = 64 ; k = 8
DeltaModel{id=null, array=[38, 4, 52, 58, 2, 36, 27, 15],
 delta=0.6458418005562889}
q = 64 ; k = 16
DeltaModel{id=null, array=[1, 19, 29, 35, 36, 41, 11, 52, 18, 46, 51, 17, 42, 57, 17, 11],
 delta=0.6371555065104452}
q = 64 ; k = 32
DeltaModel{id=null, array=[35, 6, 29, 6, 42, 54, 6, 13, 52, 13, 62, 38, 60, 2, 20, 42, 40, 0, 35, 9, 53, 0, 7, 34, 9, 37, 4, 22, 49, 45, 33, 17],
 delta=0.40256751057367707}
q = 128 ; k = 4
DeltaModel{id=null, array=[34, 21, 82, 83],
 delta=0.8897325389163666}
q = 128 ; k = 8
DeltaModel{id=null, array=[124, 9, 68, 85, 98, 122, 102, 22],
 delta=0.8643647815778847}
q = 128 ; k = 16
DeltaModel{id=null, array=[43, 80, 100, 120, 107, 10, 9, 67, 94, 80, 33, 100, 57, 116, 83, 78],
 delta=0.6156876533865201}
q = 128 ; k = 32
DeltaModel{id=null, array=[45, 101, 18, 118, 38, 124, 76, 92, 104, 117, 83, 0, 124, 62, 114, 96, 5, 118, 117, 99, 60, 80, 113, 47, 78, 21, 32, 35, 84, 89, 32, 69],
 delta=0.31757369677977737}
q = 128 ; k = 64
DeltaModel{id=null, array=[14, 17, 68, 83, 114, 16, 80, 48, 70, 101, 72, 10, 50, 75, 77, 53, 78, 101, 0, 54, 122, 112, 82, 36, 102, 92, 54, 43, 104, 4, 44, 71, 12, 69, 75, 90, 84, 123, 123, 85, 46, 120, 15, 84, 79, 47, 43, 103, 68, 93, 55, 5, 103, 111, 79, 88, 17, 74, 103, 18, 28, 5, 3, 117],
 delta=0.2556077705035152}
q = 256 ; k = 4
DeltaModel{id=null, array=[35, 120, 224, 108],
 delta=0.9883677279149918}
q = 256 ; k = 8
DeltaModel{id=null, array=[124, 95, 58, 210, 92, 222, 143, 22],
 delta=0.6708566651220357}
q = 256 ; k = 16
DeltaModel{id=null, array=[235, 241, 9, 245, 73, 150, 55, 187, 26, 147, 152, 214, 248, 59, 140, 21],
 delta=0.5848612941051953}
q = 256 ; k = 32
DeltaModel{id=null, array=[243, 188, 42, 52, 13, 236, 53, 181, 21, 81, 118, 119, 134, 114, 204, 216, 53, 149, 160, 183, 31, 106, 159, 80, 18, 173, 176, 94, 94, 37, 71, 56],
 delta=0.39101658644111925}
q = 256 ; k = 64
DeltaModel{id=null, array=[140, 138, 201, 104, 85, 178, 150, 118, 82, 251, 150, 7, 141, 14, 28, 167, 135, 233, 70, 220, 0, 249, 184, 128, 91, 235, 29, 227, 234, 210, 244, 165, 59, 242, 32, 236, 178, 237, 212, 185, 71, 249, 136, 254, 63, 233, 81, 133, 137, 135, 112, 208, 105, 106, 231, 68, 35, 102, 55, 248, 72, 232, 176, 83],
 delta=0.2641651612520464}
q = 256 ; k = 128
DeltaModel{id=null, array=[30, 191, 243, 234, 162, 134, 144, 123, 44, 139, 47, 79, 106, 255, 92, 62, 250, 72, 126, 237, 82, 197, 156, 115, 216, 255, 132, 94, 21, 120, 192, 213, 213, 164, 27, 8, 4, 44, 6, 127, 3, 93, 207, 62, 17, 0, 32, 93, 178, 240, 29, 144, 33, 102, 226, 207, 207, 206, 196, 137, 76, 117, 236, 106, 73, 31, 65, 47, 180, 17, 3, 165, 248, 7, 53, 161, 226, 220, 170, 127, 168, 142, 33, 236, 214, 95, 48, 187, 159, 70, 87, 186, 151, 45, 235, 3, 152, 23, 96, 202, 167, 43, 8, 124, 24, 105, 136, 60, 167, 159, 124, 136, 2, 65, 82, 151, 78, 40, 33, 50, 132, 172, 216, 32, 45, 48, 38, 169],
 delta=0.18236752159487438}
q = 512 ; k = 4
DeltaModel{id=null, array=[360, 142, 20, 419],
 delta=0.9789429250283914}
q = 512 ; k = 8
DeltaModel{id=null, array=[452, 311, 308, 85, 470, 104, 116, 229],
 delta=0.8550375206324594}
q = 512 ; k = 16
DeltaModel{id=null, array=[330, 388, 152, 112, 27, 376, 346, 508, 254, 50, 354, 292, 288, 53, 0, 304],
 delta=0.75}
q = 512 ; k = 32
DeltaModel{id=null, array=[122, 321, 258, 508, 509, 117, 359, 501, 249, 325, 280, 165, 250, 365, 128, 222, 507, 221, 59, 165, 201, 167, 45, 211, 66, 29, 393, 199, 403, 179, 448, 315],
 delta=0.492272797977745}
q = 512 ; k = 64
DeltaModel{id=null, array=[8, 87, 230, 13, 330, 502, 222, 487, 156, 433, 181, 71, 510, 129, 506, 196, 253, 347, 272, 403, 210, 497, 106, 6, 340, 133, 163, 79, 340, 315, 80, 58, 502, 340, 94, 85, 143, 284, 442, 503, 210, 465, 224, 77, 146, 449, 503, 451, 453, 332, 146, 488, 148, 115, 191, 472, 208, 146, 26, 45, 102, 209, 42, 248],
 delta=0.31030225294618735}
q = 512 ; k = 128
DeltaModel{id=null, array=[210, 187, 304, 107, 142, 103, 12, 44, 136, 486, 91, 429, 82, 439, 46, 385, 313, 255, 283, 362, 15, 162, 264, 485, 434, 193, 17, 236, 159, 450, 232, 229, 426, 279, 245, 230, 45, 173, 374, 178, 229, 408, 49, 377, 289, 308, 205, 262, 319, 457, 125, 202, 279, 141, 330, 194, 348, 134, 321, 52, 498, 401, 85, 422, 166, 501, 424, 200, 378, 151, 303, 156, 309, 183, 336, 26, 57, 215, 102, 238, 410, 282, 38, 23, 300, 230, 272, 255, 341, 129, 432, 24, 244, 336, 10, 38, 135, 385, 99, 74, 142, 19, 405, 166, 252, 173, 435, 253, 337, 348, 136, 220, 269, 98, 460, 395, 3, 452, 492, 324, 251, 437, 375, 28, 291, 511, 90, 40],
 delta=0.2319372832889708}
q = 512 ; k = 256
DeltaModel{id=null, array=[129, 46, 180, 276, 194, 368, 109, 222, 276, 233, 439, 162, 117, 344, 170, 502, 226, 135, 343, 220, 13, 317, 186, 44, 407, 45, 242, 332, 212, 280, 154, 276, 366, 231, 25, 269, 170, 229, 413, 57, 234, 304, 290, 503, 425, 89, 189, 111, 46, 269, 282, 461, 374, 46, 508, 30, 278, 479, 422, 160, 276, 276, 45, 76, 400, 279, 23, 209, 346, 225, 70, 384, 42, 186, 7, 205, 178, 99, 180, 68, 4, 174, 33, 213, 157, 205, 127, 355, 101, 436, 121, 33, 196, 426, 271, 482, 481, 293, 421, 497, 434, 270, 84, 25, 229, 145, 97, 303, 331, 410, 448, 99, 428, 173, 188, 458, 30, 259, 245, 97, 38, 300, 36, 502, 268, 454, 382, 492, 322, 380, 120, 329, 182, 455, 233, 132, 21, 201, 49, 456, 228, 484, 162, 334, 238, 22, 59, 459, 199, 411, 160, 136, 17, 456, 397, 247, 90, 87, 416, 419, 511, 130, 185, 122, 101, 292, 237, 324, 400, 492, 206, 282, 206, 50, 255, 468, 213, 173, 178, 210, 127, 209, 311, 108, 196, 397, 195, 304, 320, 324, 454, 108, 266, 187, 18, 479, 488, 347, 390, 103, 252, 214, 201, 389, 264, 352, 478, 169, 164, 140, 127, 84, 252, 188, 309, 254, 278, 124, 257, 414, 115, 116, 96, 69, 498, 43, 251, 6, 19, 371, 381, 181, 191, 2, 346, 259, 170, 415, 75, 482, 13, 380, 168, 469, 346, 142, 402, 234, 478, 503, 194, 54, 214, 479, 151, 143],
 delta=0.15936930123206489}
q = 1024 ; k = 4
DeltaModel{id=null, array=[10, 4, 39, 804],
 delta=0.9867949955684916}
q = 1024 ; k = 8
DeltaModel{id=null, array=[510, 874, 269, 975, 934, 437, 199, 1009],
 delta=0.8059735137957864}
q = 1024 ; k = 16
DeltaModel{id=null, array=[304, 668, 306, 878, 961, 203, 722, 98, 792, 224, 275, 334, 48, 932, 855, 573],
 delta=0.6033966680729919}
q = 1024 ; k = 32
DeltaModel{id=null, array=[199, 161, 771, 1013, 712, 439, 576, 274, 1021, 171, 709, 977, 1004, 39, 165, 468, 973, 572, 486, 754, 642, 319, 611, 439, 553, 789, 477, 899, 741, 241, 385, 441],
 delta=0.4375}
q = 1024 ; k = 64
DeltaModel{id=null, array=[398, 498, 602, 243, 124, 349, 757, 883, 807, 137, 720, 832, 934, 367, 384, 441, 918, 385, 832, 675, 788, 727, 203, 829, 605, 413, 833, 161, 931, 409, 25, 982, 38, 914, 556, 599, 760, 949, 524, 497, 849, 821, 566, 597, 654, 416, 733, 994, 531, 731, 223, 247, 264, 859, 822, 460, 457, 199, 1012, 236, 843, 9, 305, 427],
 delta=0.3013243830400307}
q = 1024 ; k = 128
DeltaModel{id=null, array=[497, 904, 345, 126, 923, 156, 329, 617, 363, 162, 693, 565, 193, 1007, 315, 793, 606, 158, 211, 503, 981, 168, 415, 11, 137, 787, 537, 486, 614, 239, 465, 686, 500, 468, 767, 365, 502, 911, 264, 592, 525, 462, 977, 392, 440, 200, 718, 27, 290, 681, 803, 934, 751, 442, 770, 142, 633, 941, 860, 921, 125, 733, 560, 1015, 716, 259, 968, 295, 518, 87, 509, 79, 550, 446, 618, 106, 676, 189, 261, 1000, 757, 509, 793, 189, 573, 885, 405, 382, 150, 42, 636, 179, 876, 991, 919, 921, 442, 349, 10, 600, 548, 361, 860, 625, 700, 746, 387, 533, 367, 727, 271, 317, 320, 608, 20, 916, 41, 59, 825, 341, 390, 392, 1017, 824, 492, 906, 538, 894],
 delta=0.2209370142670455}
q = 1024 ; k = 256
DeltaModel{id=null, array=[497, 387, 151, 329, 392, 128, 337, 562, 427, 536, 979, 330, 237, 997, 975, 951, 894, 754, 704, 1003, 899, 31, 981, 533, 828, 628, 477, 573, 198, 418, 725, 65, 119, 797, 169, 819, 584, 14, 949, 951, 837, 608, 175, 227, 770, 275, 803, 851, 288, 950, 591, 986, 830, 253, 467, 843, 524, 995, 254, 52, 460, 443, 833, 360, 182, 889, 522, 438, 772, 855, 682, 963, 565, 434, 770, 391, 851, 1018, 505, 296, 937, 539, 923, 496, 529, 495, 692, 437, 357, 951, 550, 576, 494, 911, 62, 888, 1, 3, 421, 737, 646, 896, 81, 611, 100, 682, 276, 953, 615, 878, 805, 116, 988, 161, 169, 268, 612, 61, 893, 697, 305, 554, 930, 370, 541, 140, 173, 411, 761, 854, 915, 455, 582, 398, 166, 757, 642, 425, 331, 660, 947, 597, 825, 619, 325, 971, 762, 275, 496, 793, 251, 210, 282, 418, 945, 187, 511, 84, 137, 448, 344, 918, 275, 290, 204, 320, 899, 735, 111, 882, 464, 796, 494, 464, 516, 803, 739, 29, 383, 787, 416, 571, 854, 223, 281, 819, 356, 503, 270, 234, 310, 99, 507, 144, 248, 360, 416, 1000, 75, 491, 110, 15, 298, 883, 889, 1002, 60, 174, 297, 224, 510, 443, 22, 385, 97, 531, 472, 92, 885, 974, 202, 98, 782, 884, 339, 928, 141, 53, 214, 335, 341, 592, 823, 1010, 462, 1014, 219, 198, 867, 598, 843, 421, 1013, 69, 180, 911, 662, 645, 748, 21, 783, 648, 508, 535, 536, 613],
 delta=0.14926529179905848}
q = 8 ; d = 4
DeltaModel{id=null, array=[5, 5, 0, 1],
 delta=0.7905694150420949}
q = 16 ; d = 4
DeltaModel{id=null, array=[0, 0, 11, 7],
 delta=0.8376399830590076}
q = 16 ; d = 8
DeltaModel{id=null, array=[11, 11, 7, 11, 11, 0, 2, 4],
 delta=0.8150893947221955}
q = 32 ; d = 4
DeltaModel{id=null, array=[29, 4, 14, 18],
 delta=0.8675407022717174}
q = 32 ; d = 8
DeltaModel{id=null, array=[13, 7, 30, 6, 2, 27, 1, 30],
 delta=0.5960902922986304}
q = 8 ; d = 4
DeltaModel{id=null, array=[6, 7, 6, 6],
 delta=0.9434855817366556}
q = 16 ; d = 4
DeltaModel{id=null, array=[14, 2, 5, 6],
 delta=0.7905694150420954}
q = 16 ; d = 8
DeltaModel{id=null, array=[2, 1, 4, 8, 7, 13, 2, 10],
 delta=0.47174279086832815}
q = 32 ; d = 4
DeltaModel{id=null, array=[17, 15, 18, 14],
 delta=0.9523324064572587}
q = 32 ; d = 8
DeltaModel{id=null, array=[24, 16, 13, 12, 22, 17, 21, 1],
 delta=0.5590169943749479}
q = 32 ; d = 16
DeltaModel{id=null, array=[0, 26, 1, 10, 22, 31, 5, 6, 6, 15, 11, 29, 5, 0, 23, 30],
 delta=0.4650970659061839}
q = 64 ; d = 4
DeltaModel{id=null, array=[42, 5, 21, 46],
 delta=0.842956202243926}
q = 64 ; d = 8
DeltaModel{id=null, array=[22, 62, 44, 37, 51, 22, 11, 11],
 delta=0.8279635446533488}
q = 64 ; d = 16
DeltaModel{id=null, array=[44, 59, 24, 63, 44, 30, 62, 57, 38, 58, 55, 19, 45, 58, 47, 25],
 delta=0.49177429407739}
q = 64 ; d = 32
DeltaModel{id=null, array=[40, 31, 31, 7, 48, 50, 9, 55, 29, 48, 32, 53, 48, 35, 27, 11, 41, 15, 0, 50, 55, 46, 20, 35, 34, 55, 43, 54, 32, 53, 15, 13],
 delta=0.3817072007819969}
q = 128 ; d = 4
DeltaModel{id=null, array=[108, 56, 82, 124],
 delta=1.0}
q = 128 ; d = 8
DeltaModel{id=null, array=[71, 22, 123, 105, 54, 27, 72, 6],
 delta=0.7176209592577111}
q = 128 ; d = 16
DeltaModel{id=null, array=[74, 22, 8, 39, 81, 89, 103, 11, 96, 126, 108, 23, 63, 21, 95, 50],
 delta=0.45767586965703105}
q = 128 ; d = 32
DeltaModel{id=null, array=[24, 18, 45, 37, 11, 34, 79, 3, 18, 6, 74, 36, 2, 1, 37, 103, 30, 40, 10, 114, 7, 40, 24, 122, 50, 27, 30, 112, 54, 69, 41, 49],
 delta=0.44435288397061967}
q = 128 ; d = 64
DeltaModel{id=null, array=[103, 17, 119, 74, 89, 69, 16, 127, 114, 6, 4, 79, 13, 20, 4, 47, 54, 77, 13, 109, 92, 36, 49, 11, 107, 46, 33, 49, 41, 103, 104, 79, 114, 69, 48, 104, 21, 69, 4, 68, 64, 102, 112, 3, 22, 59, 83, 10, 31, 65, 102, 103, 88, 126, 9, 29, 110, 59, 113, 4, 123, 82, 94, 86],
 delta=0.32907376730922355}
q = 8 ; d = 4
DeltaModel{id=null, array=[0, 2, 5, 4],
 delta=0.5}
q = 16 ; d = 4
DeltaModel{id=null, array=[2, 11, 12, 0],
 delta=0.6045535059561816}
q = 16 ; d = 8
DeltaModel{id=null, array=[8, 13, 1, 6, 7, 8, 2, 13],
 delta=0.6962479040284866}
q = 32 ; d = 4
DeltaModel{id=null, array=[6, 31, 11, 0],
 delta=0.7919932259037953}
q = 32 ; d = 8
DeltaModel{id=null, array=[15, 14, 17, 3, 21, 0, 5, 26],
 delta=0.567093389291859}
q = 32 ; d = 16
DeltaModel{id=null, array=[18, 17, 1, 11, 9, 24, 19, 28, 5, 30, 5, 28, 25, 0, 14, 24],
 delta=0.45459708666376214}
q = 64 ; d = 4
DeltaModel{id=null, array=[19, 8, 39, 47],
 delta=0.9083080488352359}
q = 64 ; d = 8
DeltaModel{id=null, array=[50, 8, 41, 8, 44, 60, 6, 26],
 delta=0.75}
q = 64 ; d = 16
DeltaModel{id=null, array=[48, 5, 38, 52, 36, 24, 52, 26, 25, 55, 42, 55, 59, 32, 16, 4],
 delta=0.5188344853326216}
q = 64 ; d = 32
DeltaModel{id=null, array=[9, 51, 14, 47, 37, 5, 27, 27, 54, 63, 38, 34, 55, 40, 27, 14, 3, 24, 60, 0, 26, 5, 57, 48, 3, 21, 2, 58, 7, 42, 8, 5],
 delta=0.36794233951054245}
q = 128 ; d = 4
DeltaModel{id=null, array=[77, 125, 14, 1],
 delta=0.9169509084598196}
q = 128 ; d = 8
DeltaModel{id=null, array=[32, 33, 62, 66, 31, 87, 86, 116],
 delta=0.7332868575743807}
q = 128 ; d = 16
DeltaModel{id=null, array=[68, 49, 73, 25, 54, 127, 18, 24, 86, 42, 57, 110, 71, 78, 11, 75],
 delta=0.5170778735613317}
q = 128 ; d = 32
DeltaModel{id=null, array=[34, 116, 104, 21, 55, 122, 120, 97, 96, 54, 116, 0, 117, 97, 62, 89, 32, 92, 95, 20, 86, 10, 33, 82, 85, 118, 51, 31, 18, 79, 4, 37],
 delta=0.3764072759145336}
q = 128 ; d = 64
DeltaModel{id=null, array=[81, 6, 105, 124, 85, 13, 50, 69, 55, 68, 125, 68, 26, 36, 68, 14, 40, 119, 67, 126, 11, 76, 6, 64, 22, 96, 61, 39, 119, 15, 6, 78, 71, 89, 19, 54, 19, 66, 97, 60, 29, 105, 108, 61, 50, 85, 57, 57, 120, 126, 99, 115, 25, 49, 25, 57, 16, 85, 75, 82, 53, 39, 99, 109],
 delta=0.38706526873055386}
q = 256 ; d = 4
DeltaModel{id=null, array=[3, 104, 236, 189],
 delta=0.9905372132020324}
q = 256 ; d = 8
DeltaModel{id=null, array=[30, 158, 109, 82, 42, 10, 255, 83],
 delta=0.6830477580122868}
q = 256 ; d = 16
DeltaModel{id=null, array=[240, 186, 135, 133, 59, 98, 159, 149, 180, 163, 97, 163, 178, 151, 156, 198],
 delta=0.6049231214230829}
q = 256 ; d = 32
DeltaModel{id=null, array=[224, 237, 113, 205, 57, 21, 43, 130, 227, 65, 70, 86, 154, 201, 126, 185, 130, 61, 79, 77, 189, 116, 251, 214, 120, 21, 18, 19, 97, 190, 228, 154],
 delta=0.4430869907047932}
q = 256 ; d = 64
DeltaModel{id=null, array=[13, 243, 53, 46, 161, 155, 61, 221, 113, 184, 9, 55, 214, 189, 162, 25, 183, 50, 195, 140, 237, 128, 13, 163, 231, 5, 215, 91, 184, 162, 4, 138, 51, 180, 89, 39, 190, 121, 140, 74, 210, 177, 133, 213, 113, 19, 40, 218, 166, 11, 28, 37, 40, 100, 33, 149, 143, 151, 17, 183, 64, 177, 208, 42],
 delta=0.2504213724088709}
q = 256 ; d = 128
DeltaModel{id=null, array=[217, 22, 50, 134, 12, 135, 132, 91, 251, 199, 160, 53, 104, 177, 126, 175, 204, 63, 255, 210, 147, 76, 181, 125, 65, 91, 220, 13, 147, 142, 240, 133, 144, 236, 152, 67, 199, 44, 236, 151, 114, 107, 3, 94, 27, 208, 43, 101, 192, 242, 88, 182, 142, 191, 197, 207, 39, 172, 90, 101, 13, 229, 225, 177, 167, 117, 109, 157, 26, 14, 101, 126, 59, 116, 84, 0, 34, 44, 235, 110, 222, 135, 165, 45, 153, 162, 53, 126, 138, 14, 51, 35, 46, 36, 10, 1, 132, 55, 99, 121, 116, 134, 25, 238, 148, 36, 208, 191, 103, 233, 86, 225, 8, 123, 171, 2, 6, 7, 78, 254, 213, 188, 40, 163, 29, 14, 45, 244],
 delta=0.1967869006698156}
q = 512 ; d = 4
DeltaModel{id=null, array=[376, 368, 162, 366],
 delta=1.0}
q = 512 ; d = 8
DeltaModel{id=null, array=[445, 457, 296, 27, 379, 24, 354, 120],
 delta=0.7999370675754396}
q = 512 ; d = 16
DeltaModel{id=null, array=[197, 119, 326, 216, 331, 386, 214, 297, 216, 484, 399, 242, 494, 243, 294, 34],
 delta=0.5689350400772084}
q = 8 ; d = 4
DeltaModel{id=null, array=[6, 5, 0, 1],
 delta=0.5000000000000001}
q = 16 ; d = 4
DeltaModel{id=null, array=[2, 7, 10, 14],
 delta=0.7905694150420953}
q = 16 ; d = 8
DeltaModel{id=null, array=[6, 9, 14, 7, 7, 10, 5, 10],
 delta=0.5712254659528864}
q = 32 ; d = 4
DeltaModel{id=null, array=[5, 21, 25, 18],
 delta=0.8085822853448248}
q = 32 ; d = 8
DeltaModel{id=null, array=[8, 29, 25, 11, 13, 26, 22, 15],
 delta=0.6249819038814987}
q = 32 ; d = 16
DeltaModel{id=null, array=[22, 6, 22, 23, 15, 31, 26, 20, 11, 5, 10, 23, 11, 9, 29, 9],
 delta=0.3884408360302268}
q = 64 ; d = 4
DeltaModel{id=null, array=[25, 57, 24, 22],
 delta=0.971364331618346}
q = 8 ; d = 4
DeltaModel{id=null, array=[5, 0, 3, 1],
 delta=0.5}
q = 16 ; d = 4
DeltaModel{id=null, array=[13, 13, 8, 4],
 delta=0.8376399830590074}
q = 16 ; d = 8
DeltaModel{id=null, array=[10, 8, 3, 10, 14, 0, 7, 1],
 delta=0.4954174627847409}
q = 32 ; d = 4
DeltaModel{id=null, array=[23, 28, 24, 19],
 delta=0.8840975900174666}
q = 64 ; d = 8
DeltaModel{id=null, array=[13, 44, 59, 50, 34, 25, 59, 37],
 delta=0.7825047769562586}
q = 32 ; d = 8
DeltaModel{id=null, array=[19, 17, 10, 15, 17, 10, 25, 25],
 delta=0.699483162982954}
q = 32 ; d = 16
DeltaModel{id=null, array=[19, 3, 1, 26, 29, 2, 17, 3, 20, 9, 9, 15, 4, 7, 26, 26],
 delta=0.4283442082440696}
q = 64 ; d = 16
DeltaModel{id=null, array=[10, 41, 37, 45, 62, 5, 57, 39, 56, 12, 7, 62, 53, 45, 26, 45],
 delta=0.44125253376648665}
q = 64 ; d = 4
DeltaModel{id=null, array=[61, 53, 13, 7],
 delta=1.0}
q = 64 ; d = 8
DeltaModel{id=null, array=[36, 59, 51, 14, 11, 57, 25, 31],
 delta=0.529742463631854}
q = 64 ; d = 16
DeltaModel{id=null, array=[13, 36, 27, 37, 30, 59, 0, 42, 0, 57, 20, 30, 51, 48, 12, 36],
 delta=0.48124708888808987}
q = 64 ; d = 32
DeltaModel{id=null, array=[19, 57, 63, 52, 40, 14, 60, 38, 34, 0, 21, 63, 22, 14, 50, 22, 19, 5, 24, 45, 57, 46, 49, 46, 24, 22, 12, 53, 12, 61, 15, 21],
 delta=0.3426096684577956}
q = 64 ; d = 32
DeltaModel{id=null, array=[43, 42, 22, 50, 0, 53, 4, 2, 52, 59, 38, 42, 1, 56, 10, 37, 50, 17, 13, 0, 56, 62, 27, 16, 52, 16, 56, 20, 39, 63, 19, 11],
 delta=0.3078979553565627}
q = 128 ; d = 4
DeltaModel{id=null, array=[71, 9, 58, 68],
 delta=0.9650697160942558}
q = 128 ; d = 8
DeltaModel{id=null, array=[27, 23, 16, 74, 72, 9, 3, 59],
 delta=0.6899690294424957}
q = 128 ; d = 4
DeltaModel{id=null, array=[102, 127, 45, 115],
 delta=0.940263812989184}
q = 128 ; d = 8
DeltaModel{id=null, array=[81, 7, 72, 74, 10, 107, 96, 72],
 delta=0.6998414395310489}
q = 128 ; d = 16
DeltaModel{id=null, array=[98, 36, 56, 63, 23, 108, 64, 54, 5, 5, 77, 26, 118, 5, 123, 96],
 delta=0.5850720737412666}
q = 128 ; d = 16
DeltaModel{id=null, array=[58, 11, 28, 47, 108, 73, 9, 10, 123, 121, 114, 28, 57, 73, 111, 15],
 delta=0.5771195475696834}
q = 128 ; d = 32
DeltaModel{id=null, array=[81, 4, 11, 1, 5, 73, 85, 69, 70, 35, 105, 105, 57, 88, 28, 81, 96, 28, 105, 121, 13, 82, 95, 5, 39, 12, 9, 97, 50, 49, 112, 56],
 delta=0.4352621336620038}
q = 128 ; d = 32
DeltaModel{id=null, array=[72, 30, 113, 87, 3, 26, 5, 0, 1, 94, 15, 60, 91, 76, 106, 24, 53, 71, 90, 4, 120, 22, 115, 54, 82, 1, 41, 6, 95, 81, 127, 65],
 delta=0.3398683773237296}
q = 128 ; d = 64
DeltaModel{id=null, array=[32, 123, 52, 80, 51, 48, 14, 52, 102, 82, 60, 99, 70, 119, 115, 74, 119, 122, 90, 112, 6, 105, 80, 100, 8, 26, 125, 109, 36, 14, 10, 117, 11, 70, 9, 1, 48, 121, 112, 78, 28, 16, 124, 107, 67, 0, 22, 49, 91, 28, 7, 76, 20, 3, 108, 116, 9, 84, 103, 35, 31, 23, 121, 78],
 delta=0.27150511204084515}
q = 128 ; d = 64
DeltaModel{id=null, array=[82, 79, 111, 41, 100, 62, 117, 39, 127, 8, 26, 123, 17, 40, 5, 102, 100, 67, 111, 3, 55, 27, 38, 74, 119, 37, 89, 101, 108, 29, 86, 10, 119, 3, 124, 1, 7, 65, 86, 82, 4, 120, 56, 56, 103, 91, 46, 106, 51, 57, 31, 60, 125, 7, 44, 31, 112, 35, 36, 35, 89, 120, 91, 75],
 delta=0.22071548251332}
q = 512 ; d = 32
DeltaModel{id=null, array=[193, 74, 94, 282, 504, 236, 269, 384, 279, 9, 331, 112, 15, 198, 0, 246, 417, 316, 105, 290, 492, 210, 186, 5, 472, 162, 266, 478, 91, 297, 341, 372],
 delta=0.3856784342427347}
q = 256 ; d = 4
DeltaModel{id=null, array=[139, 55, 18, 38],
 delta=0.9796038815796612}
q = 256 ; d = 8
DeltaModel{id=null, array=[189, 214, 134, 252, 8, 9, 2, 138],
 delta=0.8001785249163503}
q = 256 ; d = 4
DeltaModel{id=null, array=[155, 13, 74, 34],
 delta=0.9648512677193407}
q = 256 ; d = 8
DeltaModel{id=null, array=[211, 93, 205, 201, 233, 12, 82, 250],
 delta=0.8019319218309289}
q = 256 ; d = 16
DeltaModel{id=null, array=[13, 146, 25, 74, 219, 50, 89, 24, 39, 136, 146, 178, 176, 101, 167, 251],
 delta=0.5367412646526082}
q = 256 ; d = 16
DeltaModel{id=null, array=[55, 41, 114, 73, 24, 128, 10, 75, 105, 246, 218, 51, 111, 149, 82, 130],
 delta=0.4832601958902778}
q = 256 ; d = 32
DeltaModel{id=null, array=[137, 115, 136, 102, 218, 52, 180, 43, 29, 247, 18, 96, 76, 89, 155, 20, 204, 239, 27, 201, 218, 181, 66, 173, 32, 163, 78, 99, 145, 47, 2, 18],
 delta=0.406259882061866}
q = 256 ; d = 32
DeltaModel{id=null, array=[136, 4, 251, 209, 241, 190, 88, 231, 184, 29, 33, 217, 151, 211, 223, 133, 96, 32, 49, 165, 225, 219, 166, 211, 25, 182, 189, 35, 151, 147, 170, 246],
 delta=0.46479521226920373}
q = 8 ; d = 4
DeltaModel{id=null, array=[7, 4, 4, 0],
 delta=0.7905694150420948}
q = 8 ; d = 4
DeltaModel{id=null, array=[4, 7, 6, 2],
 delta=0.5}
q = 8 ; d = 4
DeltaModel{id=null, array=[1, 5, 0, 6],
 delta=0.5000000000000001}
q = 16 ; d = 4
DeltaModel{id=null, array=[7, 10, 10, 12],
 delta=0.8001031451912668}
q = 16 ; d = 8
DeltaModel{id=null, array=[15, 5, 6, 0, 8, 5, 6, 1],
 delta=0.5099090823047311}
q = 32 ; d = 4
DeltaModel{id=null, array=[15, 26, 9, 31],
 delta=0.9113627200352755}
q = 32 ; d = 8
DeltaModel{id=null, array=[9, 30, 14, 2, 25, 15, 14, 28],
 delta=0.5654213721140762}
q = 32 ; d = 16
DeltaModel{id=null, array=[27, 25, 25, 29, 25, 10, 30, 10, 22, 6, 28, 18, 13, 30, 28, 9],
 delta=0.5050244690139981}
q = 64 ; d = 4
DeltaModel{id=null, array=[29, 37, 44, 43],
 delta=0.9114583615563548}
q = 64 ; d = 8
DeltaModel{id=null, array=[28, 14, 55, 44, 39, 16, 60, 55],
 delta=0.8256787967162947}
q = 64 ; d = 16
DeltaModel{id=null, array=[40, 63, 52, 44, 12, 32, 27, 61, 59, 41, 56, 24, 41, 35, 36, 63],
 delta=0.5153882032022084}
q = 8 ; d = 4
DeltaModel{id=null, array=[1, 6, 0, 7],
 delta=0.6532814824381886}
q = 16 ; d = 4
DeltaModel{id=null, array=[4, 9, 8, 1],
 delta=0.7071067811865475}
q = 16 ; d = 8
DeltaModel{id=null, array=[3, 3, 8, 10, 15, 12, 14, 14],
 delta=0.6245486558832273}
q = 32 ; d = 4
DeltaModel{id=null, array=[16, 26, 21, 13],
 delta=0.853553390593275}
q = 32 ; d = 8
DeltaModel{id=null, array=[3, 1, 6, 25, 22, 12, 21, 23],
 delta=0.5473810961010476}
q = 32 ; d = 16
DeltaModel{id=null, array=[25, 25, 7, 4, 2, 30, 4, 21, 29, 14, 20, 15, 9, 17, 10, 20],
 delta=0.47387538445997834}
q = 64 ; d = 4
DeltaModel{id=null, array=[7, 24, 61, 60],
 delta=0.8951241460914082}
q = 64 ; d = 32
DeltaModel{id=null, array=[21, 30, 43, 60, 30, 36, 5, 7, 11, 10, 20, 22, 6, 44, 27, 43, 5, 33, 23, 39, 5, 37, 61, 27, 8, 13, 47, 37, 10, 1, 52, 19],
 delta=0.33739660235426133}
q = 64 ; d = 8
DeltaModel{id=null, array=[4, 13, 25, 56, 58, 31, 16, 53],
 delta=0.7872877887439071}
q = 64 ; d = 16
DeltaModel{id=null, array=[37, 21, 19, 13, 5, 60, 17, 42, 53, 46, 62, 57, 4, 61, 50, 47],
 delta=0.3952847075210473}
q = 8 ; d = 4
DeltaModel{id=null, array=[5, 5, 0, 1],
 delta=0.7905694150420949}
q = 16 ; d = 4
DeltaModel{id=null, array=[12, 11, 8, 8],
 delta=0.7905694150420943}
q = 16 ; d = 8
DeltaModel{id=null, array=[9, 15, 0, 3, 4, 11, 8, 14],
 delta=0.4530637231764441}
q = 32 ; d = 4
DeltaModel{id=null, array=[12, 6, 28, 21],
 delta=0.8001031451912678}
q = 32 ; d = 8
DeltaModel{id=null, array=[26, 28, 5, 0, 20, 18, 25, 24],
 delta=0.5068348145006093}
q = 32 ; d = 16
DeltaModel{id=null, array=[22, 18, 11, 30, 6, 9, 3, 16, 17, 7, 1, 11, 7, 14, 17, 23],
 delta=0.38178092386100093}
q = 64 ; d = 4
DeltaModel{id=null, array=[44, 39, 27, 27],
 delta=0.9517086527584826}
q = 8 ; d = 4
DeltaModel{id=null, array=[0, 0, 3, 6],
 delta=0.8001031451912657}
q = 16 ; d = 4
DeltaModel{id=null, array=[0, 6, 7, 9],
 delta=0.6532814824381887}
q = 16 ; d = 8
DeltaModel{id=null, array=[10, 6, 10, 4, 4, 10, 13, 13],
 delta=0.7839763412008298}
q = 32 ; d = 4
DeltaModel{id=null, array=[10, 16, 3, 8],
 delta=0.7540342594063698}
q = 32 ; d = 8
DeltaModel{id=null, array=[10, 11, 18, 15, 25, 14, 5, 20],
 delta=0.4916723883411288}
q = 32 ; d = 16
DeltaModel{id=null, array=[12, 2, 22, 31, 29, 5, 24, 11, 3, 20, 20, 29, 19, 18, 6, 2],
 delta=0.3466910994338911}
q = 64 ; d = 4
DeltaModel{id=null, array=[4, 15, 18, 4],
 delta=0.9847190269703352}
q = 64 ; d = 8
DeltaModel{id=null, array=[23, 34, 52, 0, 33, 10, 7, 60],
 delta=0.6545538676901694}
q = 64 ; d = 16
DeltaModel{id=null, array=[9, 27, 32, 61, 12, 51, 0, 7, 59, 49, 27, 14, 23, 44, 52, 5],
 delta=0.5989614437319167}
q = 64 ; d = 32
DeltaModel{id=null, array=[36, 30, 60, 63, 20, 63, 55, 32, 51, 16, 19, 35, 44, 47, 42, 26, 34, 56, 51, 20, 30, 60, 49, 22, 45, 24, 63, 28, 44, 63, 54, 30],
 delta=0.40119054500701007}
q = 128 ; d = 4
DeltaModel{id=null, array=[10, 112, 103, 76],
 delta=0.9287419376357703}
q = 128 ; d = 8
DeltaModel{id=null, array=[118, 116, 110, 6, 114, 28, 123, 65],
 delta=0.7115743743717438}
q = 128 ; d = 16
DeltaModel{id=null, array=[75, 29, 59, 6, 31, 35, 82, 29, 41, 121, 127, 83, 61, 86, 105, 53],
 delta=0.625}
q = 8 ; d = 4
DeltaModel{id=null, array=[6, 7, 5, 0],
 delta=0.6532814824381883}
q = 16 ; d = 4
DeltaModel{id=null, array=[14, 11, 3, 8],
 delta=0.8535533905932736}
q = 16 ; d = 8
DeltaModel{id=null, array=[1, 8, 10, 2, 7, 8, 13, 1],
 delta=0.5063259987353763}
q = 32 ; d = 4
DeltaModel{id=null, array=[12, 31, 16, 1],
 delta=0.9340501003577415}
q = 32 ; d = 8
DeltaModel{id=null, array=[14, 27, 28, 9, 16, 16, 29, 13],
 delta=0.6652614519342293}
q = 32 ; d = 16
DeltaModel{id=null, array=[24, 13, 5, 25, 12, 28, 11, 26, 30, 11, 29, 7, 22, 13, 12, 11],
 delta=0.5756618832268477}
q = 64 ; d = 4
DeltaModel{id=null, array=[6, 9, 41, 13],
 delta=0.9018134028733119}
q = 64 ; d = 8
DeltaModel{id=null, array=[41, 26, 35, 5, 37, 21, 60, 18],
 delta=0.5789820879152148}
q = 64 ; d = 16
DeltaModel{id=null, array=[11, 16, 3, 54, 46, 36, 47, 50, 28, 32, 28, 41, 24, 40, 48, 30],
 delta=0.5}
q = 8 ; d = 4
DeltaModel{id=null, array=[0, 1, 0, 5],
 delta=0.7071067811865476}
q = 16 ; d = 4
DeltaModel{id=null, array=[4, 2, 12, 0],
 delta=1.0}
q = 16 ; d = 8
DeltaModel{id=null, array=[2, 9, 7, 4, 12, 9, 10, 8],
 delta=0.4738753844599785}
q = 32 ; d = 4
DeltaModel{id=null, array=[12, 8, 23, 31],
 delta=0.8116358657772629}
q = 32 ; d = 8
DeltaModel{id=null, array=[19, 20, 3, 6, 2, 1, 24, 24],
 delta=0.6644054218453458}
q = 32 ; d = 16
DeltaModel{id=null, array=[17, 16, 0, 11, 15, 9, 19, 19, 1, 1, 8, 18, 13, 16, 19, 21],
 delta=0.43128683480760793}
q = 64 ; d = 4
DeltaModel{id=null, array=[37, 52, 36, 52],
 delta=0.9856240787905564}
q = 64 ; d = 8
DeltaModel{id=null, array=[44, 18, 48, 0, 29, 0, 51, 7],
 delta=0.7041381712946775}
q = 64 ; d = 16
DeltaModel{id=null, array=[8, 15, 1, 15, 23, 36, 29, 30, 30, 28, 28, 38, 44, 38, 51, 36],
 delta=0.7712391098598945}
q = 64 ; d = 32
DeltaModel{id=null, array=[22, 35, 11, 17, 11, 53, 42, 23, 42, 18, 42, 56, 24, 5, 62, 45, 32, 61, 9, 36, 38, 25, 34, 16, 27, 48, 42, 54, 38, 16, 36, 39],
 delta=0.37123063683200663}
q = 128 ; d = 4
DeltaModel{id=null, array=[14, 59, 83, 53],
 delta=0.9201018472020995}
q = 128 ; d = 8
DeltaModel{id=null, array=[103, 66, 26, 43, 35, 67, 19, 77],
 delta=0.6678857323325024}
q = 128 ; d = 16
DeltaModel{id=null, array=[9, 91, 116, 95, 115, 120, 17, 3, 2, 19, 45, 95, 79, 61, 91, 114],
 delta=0.5}
q = 128 ; d = 32
DeltaModel{id=null, array=[11, 107, 6, 59, 126, 87, 120, 17, 35, 57, 79, 23, 31, 41, 20, 8, 72, 118, 26, 105, 117, 53, 87, 90, 9, 89, 11, 87, 79, 107, 39, 87],
 delta=0.4380973535226348}
q = 128 ; d = 64
DeltaModel{id=null, array=[10, 91, 46, 75, 51, 34, 55, 117, 0, 107, 104, 7, 120, 38, 80, 0, 17, 99, 45, 31, 108, 123, 88, 125, 114, 88, 35, 15, 121, 56, 115, 49, 1, 69, 43, 43, 37, 104, 19, 20, 93, 90, 86, 28, 125, 90, 0, 35, 70, 78, 64, 24, 33, 123, 11, 104, 106, 83, 55, 125, 38, 118, 104, 1],
 delta=0.32173460937576176}
q = 256 ; d = 4
DeltaModel{id=null, array=[28, 101, 44, 242],
 delta=0.969828591910952}
q = 256 ; d = 8
DeltaModel{id=null, array=[223, 218, 153, 164, 5, 145, 49, 165],
 delta=0.676064399902944}
q = 256 ; d = 16
DeltaModel{id=null, array=[153, 251, 189, 199, 173, 43, 223, 152, 24, 206, 250, 139, 155, 109, 38, 27],
 delta=0.5970380632806086}
q = 8 ; d = 4
DeltaModel{id=null, array=[4, 2, 4, 0],
 delta=0.0}
q = 16 ; d = 4
DeltaModel{id=null, array=[7, 3, 9, 2],
 delta=0.5}
q = 16 ; d = 8
DeltaModel{id=null, array=[7, 9, 5, 8, 13, 2, 0, 6],
 delta=0.3061862178478979}
q = 32 ; d = 4
DeltaModel{id=null, array=[27, 26, 7, 16],
 delta=0.5817115674011646}
q = 32 ; d = 8
DeltaModel{id=null, array=[10, 14, 1, 28, 5, 17, 27, 25],
 delta=0.4356404482076762}
q = 32 ; d = 16
DeltaModel{id=null, array=[15, 25, 18, 22, 20, 26, 2, 21, 6, 31, 28, 30, 3, 0, 11, 4],
 delta=0.25}
q = 64 ; d = 4
DeltaModel{id=null, array=[42, 62, 17, 40],
 delta=0.7253240713707779}
q = 64 ; d = 8
DeltaModel{id=null, array=[10, 48, 1, 7, 5, 34, 17, 23],
 delta=0.5095288918803031}
q = 64 ; d = 16
DeltaModel{id=null, array=[30, 2, 63, 8, 33, 20, 1, 61, 49, 50, 51, 62, 25, 21, 36, 57],
 delta=0.33295961359666515}
q = 64 ; d = 32
DeltaModel{id=null, array=[40, 56, 6, 0, 4, 18, 1, 10, 44, 31, 39, 63, 55, 12, 55, 58, 9, 25, 51, 54, 50, 52, 24, 17, 46, 15, 3, 60, 44, 48, 41, 21],
 delta=0.2272457926826798}
q = 128 ; d = 4
DeltaModel{id=null, array=[6, 87, 27, 39],
 delta=0.7973120323599301}
q = 128 ; d = 8
DeltaModel{id=null, array=[83, 81, 50, 1, 71, 44, 107, 67],
 delta=0.5617418239359802}
q = 128 ; d = 16
DeltaModel{id=null, array=[4, 71, 42, 16, 123, 1, 46, 17, 82, 101, 8, 125, 13, 119, 44, 43],
 delta=0.3804818476603145}
q = 128 ; d = 32
DeltaModel{id=null, array=[25, 15, 69, 47, 106, 104, 50, 85, 71, 20, 114, 54, 7, 113, 124, 101, 2, 9, 62, 21, 37, 94, 14, 22, 63, 23, 103, 93, 70, 40, 35, 10],
 delta=0.2524996877419566}
q = 128 ; d = 64
DeltaModel{id=null, array=[123, 60, 6, 122, 88, 119, 98, 101, 102, 57, 42, 32, 63, 13, 103, 124, 104, 96, 118, 120, 82, 60, 72, 23, 3, 126, 74, 83, 80, 65, 14, 73, 22, 51, 99, 57, 87, 40, 15, 59, 21, 30, 105, 40, 75, 26, 79, 127, 92, 47, 44, 87, 116, 24, 52, 50, 32, 115, 3, 27, 41, 10, 109, 34],
 delta=0.17456589512116796}
q = 256 ; d = 4
DeltaModel{id=null, array=[16, 94, 205, 229],
 delta=0.8666860607979203}
q = 256 ; d = 8
DeltaModel{id=null, array=[58, 193, 245, 121, 88, 134, 57, 218],
 delta=0.6162140091445969}
q = 256 ; d = 16
DeltaModel{id=null, array=[55, 9, 134, 98, 214, 167, 50, 76, 172, 58, 81, 48, 235, 85, 249, 52],
 delta=0.4313032488487262}
q = 256 ; d = 32
DeltaModel{id=null, array=[233, 254, 77, 19, 22, 50, 23, 241, 230, 38, 235, 94, 144, 115, 74, 80, 252, 93, 68, 1, 129, 5, 39, 40, 99, 247, 179, 211, 150, 100, 159, 243],
 delta=0.28757611696965285}
q = 256 ; d = 32
DeltaModel{id=null, array=[60, 233, 232, 55, 176, 221, 90, 142, 178, 237, 209, 157, 60, 82, 144, 21, 186, 240, 92, 91, 208, 166, 123, 80, 50, 13, 197, 136, 20, 53, 79, 140],
 delta=0.0}
q = 256 ; d = 64
DeltaModel{id=null, array=[240, 230, 157, 164, 129, 124, 162, 123, 51, 13, 230, 18, 14, 2, 34, 99, 216, 127, 149, 134, 193, 146, 79, 57, 133, 57, 71, 152, 215, 161, 128, 219, 146, 219, 168, 174, 42, 56, 217, 205, 209, 44, 32, 119, 252, 33, 155, 179, 165, 145, 198, 88, 116, 0, 254, 86, 245, 100, 136, 121, 155, 24, 244, 94],
 delta=0.20294423462326477}
q = 256 ; d = 32
DeltaModel{id=null, array=[69, 109, 53, 98, 245, 101, 140, 153, 89, 133, 216, 163, 251, 191, 208, 61, 73, 68, 60, 247, 161, 217, 230, 103, 120, 33, 2, 109, 130, 179, 231, 245],
 delta=0.0}
q = 256 ; d = 32
DeltaModel{id=null, array=[40, 225, 64, 219, 49, 134, 228, 50, 38, 252, 227, 93, 118, 67, 4, 69, 87, 138, 231, 178, 83, 6, 41, 95, 63, 234, 181, 0, 28, 192, 65, 110],
 delta=0.0}
q = 256 ; d = 64
DeltaModel{id=null, array=[227, 26, 22, 169, 76, 64, 240, 178, 58, 126, 60, 236, 190, 97, 148, 183, 87, 4, 193, 50, 191, 34, 75, 48, 74, 13, 233, 244, 222, 45, 101, 93, 149, 200, 96, 159, 155, 161, 99, 152, 48, 82, 47, 195, 186, 182, 6, 247, 128, 79, 226, 189, 184, 237, 144, 172, 10, 27, 168, 129, 218, 163, 134, 249],
 delta=0.20335285320813773}
q = 256 ; d = 32
DeltaModel{id=null, array=[148, 43, 144, 92, 193, 139, 47, 7, 237, 133, 177, 112, 185, 236, 122, 189, 93, 58, 144, 19, 105, 179, 5, 155, 64, 82, 214, 187, 78, 49, 33, 15],
 delta=0.0}
q = 256 ; d = 64
DeltaModel{id=null, array=[174, 171, 8, 66, 62, 213, 242, 15, 87, 61, 180, 85, 110, 18, 139, 224, 84, 39, 178, 54, 222, 251, 97, 90, 149, 20, 127, 9, 238, 153, 19, 205, 98, 255, 31, 232, 242, 172, 229, 244, 253, 47, 45, 148, 227, 127, 193, 138, 188, 253, 196, 247, 11, 28, 144, 243, 197, 55, 235, 67, 70, 186, 122, 99],
 delta=0.20406740765313378}
q = 256 ; d = 128
DeltaModel{id=null, array=[140, 145, 244, 251, 139, 218, 16, 204, 177, 82, 176, 115, 149, 104, 143, 119, 229, 116, 214, 50, 247, 48, 63, 57, 126, 139, 112, 23, 3, 163, 233, 233, 31, 244, 180, 157, 159, 36, 152, 83, 92, 43, 216, 49, 13, 120, 123, 44, 72, 122, 179, 232, 239, 191, 192, 9, 32, 9, 222, 99, 210, 51, 42, 35, 238, 34, 85, 172, 144, 187, 31, 182, 200, 15, 48, 220, 73, 39, 222, 165, 71, 189, 2, 206, 67, 2, 170, 195, 154, 46, 21, 136, 236, 153, 127, 239, 73, 251, 80, 90, 194, 38, 132, 171, 33, 245, 84, 138, 20, 108, 63, 20, 217, 27, 55, 158, 94, 103, 100, 78, 40, 65, 165, 29, 180, 135, 213, 230],
 delta=0.1429095041701617}
q = 256 ; d = 32
DeltaModel{id=null, array=[90, 135, 28, 53, 99, 26, 174, 72, 229, 3, 252, 52, 215, 230, 69, 16, 89, 214, 239, 101, 21, 15, 107, 130, 245, 226, 212, 151, 159, 140, 24, 68],
 delta=0.27948485758443886}
q = 256 ; d = 64
DeltaModel{id=null, array=[18, 219, 66, 144, 246, 19, 125, 136, 231, 104, 73, 72, 3, 153, 180, 195, 187, 88, 241, 99, 143, 149, 202, 218, 235, 113, 153, 159, 210, 216, 213, 102, 232, 164, 78, 255, 76, 194, 217, 152, 0, 243, 103, 113, 63, 136, 157, 221, 4, 7, 23, 108, 87, 54, 160, 197, 48, 77, 125, 17, 167, 5, 16, 58],
 delta=0.19913133309421804}
q = 256 ; d = 128
DeltaModel{id=null, array=[35, 59, 16, 89, 63, 151, 88, 119, 58, 190, 28, 114, 191, 205, 94, 42, 145, 58, 103, 101, 148, 236, 249, 213, 126, 174, 131, 3, 61, 122, 83, 171, 243, 38, 85, 201, 96, 157, 234, 244, 42, 164, 245, 29, 139, 222, 246, 237, 76, 51, 133, 175, 202, 150, 18, 118, 219, 109, 21, 185, 166, 160, 172, 35, 22, 167, 71, 4, 221, 6, 166, 81, 14, 171, 5, 165, 161, 151, 182, 194, 147, 136, 212, 95, 156, 132, 85, 149, 156, 233, 111, 145, 38, 62, 27, 119, 92, 155, 217, 240, 133, 173, 44, 85, 113, 127, 159, 207, 69, 12, 242, 45, 160, 59, 80, 113, 233, 3, 208, 121, 58, 160, 19, 50, 166, 142, 87, 45],
 delta=0.14385982497630317}
q = 512 ; d = 32
DeltaModel{id=null, array=[23, 214, 46, 215, 219, 112, 216, 78, 462, 365, 228, 497, 482, 72, 298, 290, 4, 147, 85, 31, 90, 404, 385, 384, 224, 430, 421, 104, 20, 13, 240, 356],
 delta=0.3254838052839347}
q = 512 ; d = 64
DeltaModel{id=null, array=[361, 489, 378, 239, 65, 348, 244, 398, 395, 96, 219, 178, 435, 187, 249, 109, 154, 198, 33, 255, 15, 120, 248, 136, 7, 277, 238, 245, 445, 306, 438, 231, 412, 60, 170, 129, 347, 181, 488, 484, 270, 49, 406, 308, 355, 274, 103, 217, 367, 480, 379, 163, 356, 273, 482, 160, 283, 18, 247, 414, 158, 257, 436, 83],
 delta=0.21894533062790436}
q = 512 ; d = 64
DeltaModel{id=null, array=[51, 295, 292, 247, 373, 366, 509, 58, 97, 252, 125, 174, 469, 226, 334, 439, 37, 322, 308, 331, 313, 188, 268, 375, 161, 8, 5, 494, 459, 142, 67, 415, 84, 68, 288, 322, 56, 307, 390, 261, 237, 484, 202, 343, 154, 328, 149, 284, 267, 191, 479, 10, 291, 428, 390, 490, 170, 385, 293, 45, 253, 225, 437, 127],
 delta=0.22786245783715778}
q = 512 ; d = 64
DeltaModel{id=null, array=[183, 40, 162, 347, 448, 334, 19, 82, 28, 320, 510, 457, 259, 492, 129, 131, 18, 235, 230, 431, 189, 117, 89, 443, 483, 209, 105, 508, 1, 417, 437, 188, 89, 201, 78, 485, 26, 46, 245, 218, 437, 498, 368, 110, 177, 381, 181, 197, 405, 99, 275, 372, 121, 444, 24, 479, 462, 57, 331, 217, 442, 337, 260, 186],
 delta=0.22758536745553118}
